7
SwedishUp   0.000000 0.200000 0.000000 0.200000 0.142860 0.250000 0.250000 
SwedishVL   0.200000 0.000000 0.200000 0.000000 0.333330 0.428570 0.428570 
Swedish     0.000000 0.200000 0.000000 0.200000 0.125000 0.222220 0.222220 
Danish      0.200000 0.000000 0.200000 0.000000 0.333330 0.428570 0.428570 
Riksmal     0.142860 0.333330 0.125000 0.333330 0.000000 0.222220 0.222220 
Icelandic   0.250000 0.428570 0.222220 0.428570 0.222220 0.000000 0.000000 
Faroese     0.250000 0.428570 0.222220 0.428570 0.222220 0.000000 0.000000 
6
SwedishUp   0.000000 0.000000 0.400000 0.400000 0.400000 0.400000 
Swedish     0.000000 0.000000 0.400000 0.400000 0.400000 0.400000 
Danish      0.400000 0.400000 0.000000 0.000000 0.000000 0.000000 
Riksmal     0.400000 0.400000 0.000000 0.000000 0.000000 0.000000 
Icelandic   0.400000 0.400000 0.000000 0.000000 0.000000 0.000000 
Faroese     0.400000 0.400000 0.000000 0.000000 0.000000 0.000000 
7
SwedishUp   0.000000 0.142860 0.000000 0.285710 0.285710 0.285710 0.222220 
SwedishVL   0.142860 0.000000 0.142860 0.333330 0.333330 0.333330 0.375000 
Swedish     0.000000 0.142860 0.000000 0.285710 0.285710 0.285710 0.222220 
Danish      0.285710 0.333330 0.285710 0.000000 0.000000 0.000000 0.250000 
Riksmal     0.285710 0.333330 0.285710 0.000000 0.000000 0.000000 0.250000 
Icelandic   0.285710 0.333330 0.285710 0.000000 0.000000 0.000000 0.250000 
Faroese     0.222220 0.375000 0.222220 0.250000 0.250000 0.250000 0.000000 
7
SwedishUp   0.000000 0.000000 0.000000 0.125000 0.125000 0.000000 0.125000 
SwedishVL   0.000000 0.000000 0.000000 0.125000 0.125000 0.000000 0.125000 
Swedish     0.000000 0.000000 0.000000 0.125000 0.125000 0.000000 0.125000 
Danish      0.125000 0.125000 0.125000 0.000000 0.000000 0.125000 0.250000 
Riksmal     0.125000 0.125000 0.125000 0.000000 0.000000 0.125000 0.250000 
Icelandic   0.000000 0.000000 0.000000 0.125000 0.125000 0.000000 0.125000 
Faroese     0.125000 0.125000 0.125000 0.250000 0.250000 0.125000 0.000000 
6
SwedishUp   0.000000 0.500000 0.583335 0.583335 0.583335 0.166665 
Swedish     0.500000 0.000000 0.166670 0.166670 0.166670 0.500000 
Danish      0.583335 0.166670 0.000000 0.000000 0.333330 0.583335 
Riksmal     0.583335 0.166670 0.000000 0.000000 0.333330 0.583335 
Icelandic   0.583335 0.166670 0.333330 0.333330 0.000000 0.583335 
Faroese     0.166665 0.500000 0.583335 0.583335 0.583335 0.000000 
7
SwedishUp   0.000000 0.642855 0.500000 0.583335 0.500000 0.500000 0.500000 
SwedishVL   0.642855 0.000000 0.285710 1.000000 0.285710 1.000000 1.000000 
Swedish     0.500000 0.285710 0.000000 1.000000 0.000000 1.000000 1.000000 
Danish      0.583335 1.000000 1.000000 0.000000 1.000000 0.166670 0.166670 
Riksmal     0.500000 0.285710 0.000000 1.000000 0.000000 1.000000 1.000000 
Icelandic   0.500000 1.000000 1.000000 0.166670 1.000000 0.000000 0.000000 
Faroese     0.500000 1.000000 1.000000 0.166670 1.000000 0.000000 0.000000 
4
SwedishUp   0.000000 0.111110 0.000000 0.090910 
SwedishVL   0.111110 0.000000 0.111110 0.200000 
Swedish     0.000000 0.111110 0.000000 0.090910 
Riksmal     0.090910 0.200000 0.090910 0.000000 
7
SwedishUp   0.000000 0.000000 0.000000 0.000000 0.000000 0.300000 0.300000 
SwedishVL   0.000000 0.000000 0.000000 0.000000 0.000000 0.300000 0.300000 
Swedish     0.000000 0.000000 0.000000 0.000000 0.000000 0.300000 0.300000 
Danish      0.000000 0.000000 0.000000 0.000000 0.000000 0.300000 0.300000 
Riksmal     0.000000 0.000000 0.000000 0.000000 0.000000 0.300000 0.300000 
Icelandic   0.300000 0.300000 0.300000 0.300000 0.300000 0.000000 0.000000 
Faroese     0.300000 0.300000 0.300000 0.300000 0.300000 0.000000 0.000000 
7
SwedishUp   0.000000 0.562500 0.666667 1.000000 0.562500 0.562500 1.000000 
SwedishVL   0.562500 0.000000 0.562500 1.000000 0.250000 0.125000 1.000000 
Swedish     0.666667 0.562500 0.000000 0.583335 0.562500 0.562500 0.625000 
Danish      1.000000 1.000000 0.583335 0.000000 1.000000 1.000000 0.375000 
Riksmal     0.562500 0.250000 0.562500 1.000000 0.000000 0.250000 1.000000 
Icelandic   0.562500 0.125000 0.562500 1.000000 0.250000 0.000000 1.000000 
Faroese     1.000000 1.000000 0.625000 0.375000 1.000000 1.000000 0.000000 
7
SwedishUp   0.000000 0.000000 1.000000 0.000000 0.000000 0.000000 0.200000 
SwedishVL   0.000000 0.000000 1.000000 0.000000 0.000000 0.000000 0.200000 
Swedish     1.000000 1.000000 0.000000 1.000000 1.000000 1.000000 1.000000 
Danish      0.000000 0.000000 1.000000 0.000000 0.000000 0.000000 0.200000 
Riksmal     0.000000 0.000000 1.000000 0.000000 0.000000 0.000000 0.200000 
Icelandic   0.000000 0.000000 1.000000 0.000000 0.000000 0.000000 0.200000 
Faroese     0.200000 0.200000 1.000000 0.200000 0.200000 0.200000 0.000000 
7
SwedishUp   0.000000 0.200000 0.000000 0.222220 0.222220 0.222220 0.363640 
SwedishVL   0.200000 0.000000 0.200000 0.222220 0.222220 0.222220 0.363640 
Swedish     0.000000 0.200000 0.000000 0.222220 0.222220 0.222220 0.363640 
Danish      0.222220 0.222220 0.222220 0.000000 0.000000 0.000000 0.200000 
Riksmal     0.222220 0.222220 0.222220 0.000000 0.000000 0.000000 0.200000 
Icelandic   0.222220 0.222220 0.222220 0.000000 0.000000 0.000000 0.200000 
Faroese     0.363640 0.363640 0.363640 0.200000 0.200000 0.200000 0.000000 
7
SwedishUp   0.000000 0.000000 0.000000 0.222220 0.222220 0.090910 0.166670 
SwedishVL   0.000000 0.000000 0.000000 0.222220 0.222220 0.090910 0.166670 
Swedish     0.000000 0.000000 0.000000 0.222220 0.222220 0.090910 0.166670 
Danish      0.222220 0.222220 0.222220 0.000000 0.000000 0.300000 0.363640 
Riksmal     0.222220 0.222220 0.222220 0.000000 0.000000 0.300000 0.363640 
Icelandic   0.090910 0.090910 0.090910 0.300000 0.300000 0.000000 0.076920 
Faroese     0.166670 0.166670 0.166670 0.363640 0.363640 0.076920 0.000000 
7
SwedishUp   0.000000 0.142860 0.000000 0.000000 0.000000 0.125000 0.000000 
SwedishVL   0.142860 0.000000 0.142860 0.142860 0.142860 0.142860 0.142860 
Swedish     0.000000 0.142860 0.000000 0.000000 0.000000 0.125000 0.000000 
Danish      0.000000 0.142860 0.000000 0.000000 0.000000 0.125000 0.000000 
Riksmal     0.000000 0.142860 0.000000 0.000000 0.000000 0.125000 0.000000 
Icelandic   0.125000 0.142860 0.125000 0.125000 0.125000 0.000000 0.125000 
Faroese     0.000000 0.142860 0.000000 0.000000 0.000000 0.125000 0.000000 
7
SwedishUp   0.000000 0.000000 0.000000 0.000000 0.000000 0.142860 0.142860 
SwedishVL   0.000000 0.000000 0.000000 0.000000 0.000000 0.142860 0.142860 
Swedish     0.000000 0.000000 0.000000 0.000000 0.000000 0.142860 0.142860 
Danish      0.000000 0.000000 0.000000 0.000000 0.000000 0.142860 0.142860 
Riksmal     0.000000 0.000000 0.000000 0.000000 0.000000 0.142860 0.142860 
Icelandic   0.142860 0.142860 0.142860 0.142860 0.142860 0.000000 0.000000 
Faroese     0.142860 0.142860 0.142860 0.142860 0.142860 0.000000 0.000000 
7
SwedishUp   0.000000 0.142860 0.000000 0.000000 0.000000 0.000000 0.000000 
SwedishVL   0.142860 0.000000 0.142860 0.142860 0.142860 0.142860 0.142860 
Swedish     0.000000 0.142860 0.000000 0.000000 0.000000 0.000000 0.000000 
Danish      0.000000 0.142860 0.000000 0.000000 0.000000 0.000000 0.000000 
Riksmal     0.000000 0.142860 0.000000 0.000000 0.000000 0.000000 0.000000 
Icelandic   0.000000 0.142860 0.000000 0.000000 0.000000 0.000000 0.000000 
Faroese     0.000000 0.142860 0.000000 0.000000 0.000000 0.000000 0.000000 
5
Swedish     0.000000 0.000000 0.000000 0.000000 0.333330 
Danish      0.000000 0.000000 0.000000 0.000000 0.333330 
Riksmal     0.000000 0.000000 0.000000 0.000000 0.333330 
Icelandic   0.000000 0.000000 0.000000 0.000000 0.333330 
Faroese     0.333330 0.333330 0.333330 0.333330 0.000000 
7
SwedishUp   0.000000 0.142860 0.000000 0.250000 0.125000 0.222220 0.300000 
SwedishVL   0.142860 0.000000 0.142860 0.285710 0.142860 0.250000 0.333330 
Swedish     0.000000 0.142860 0.000000 0.250000 0.125000 0.222220 0.300000 
Danish      0.250000 0.285710 0.250000 0.000000 0.125000 0.222220 0.300000 
Riksmal     0.125000 0.142860 0.125000 0.125000 0.000000 0.111110 0.200000 
Icelandic   0.222220 0.250000 0.222220 0.222220 0.111110 0.000000 0.090910 
Faroese     0.300000 0.333330 0.300000 0.300000 0.200000 0.090910 0.000000 
7
SwedishUp   0.000000 0.000000 0.000000 0.000000 0.000000 0.142860 0.250000 
SwedishVL   0.000000 0.000000 0.000000 0.000000 0.000000 0.142860 0.250000 
Swedish     0.000000 0.000000 0.000000 0.000000 0.000000 0.142860 0.250000 
Danish      0.000000 0.000000 0.000000 0.000000 0.000000 0.142860 0.250000 
Riksmal     0.000000 0.000000 0.000000 0.000000 0.000000 0.142860 0.250000 
Icelandic   0.142860 0.142860 0.142860 0.142860 0.142860 0.000000 0.111110 
Faroese     0.250000 0.250000 0.250000 0.250000 0.250000 0.111110 0.000000 
4
Danish      0.000000 0.660715 0.716665 0.346150 
Riksmal     0.660715 0.000000 0.205555 0.596155 
Icelandic   0.716665 0.205555 0.000000 0.642855 
Faroese     0.346150 0.596155 0.642855 0.000000 
7
SwedishUp   0.000000 0.142860 0.000000 0.000000 0.000000 0.111110 0.200000 
SwedishVL   0.142860 0.000000 0.142860 0.142860 0.142860 0.250000 0.333330 
Swedish     0.000000 0.142860 0.000000 0.000000 0.000000 0.111110 0.200000 
Danish      0.000000 0.142860 0.000000 0.000000 0.000000 0.111110 0.200000 
Riksmal     0.000000 0.142860 0.000000 0.000000 0.000000 0.111110 0.200000 
Icelandic   0.111110 0.250000 0.111110 0.111110 0.111110 0.000000 0.090910 
Faroese     0.200000 0.333330 0.200000 0.200000 0.200000 0.090910 0.000000 
7
SwedishUp   0.000000 0.142860 0.000000 0.142860 0.000000 0.222220 0.300000 
SwedishVL   0.142860 0.000000 0.142860 0.000000 0.142860 0.375000 0.444440 
Swedish     0.000000 0.142860 0.000000 0.142860 0.000000 0.222220 0.300000 
Danish      0.142860 0.000000 0.142860 0.000000 0.142860 0.375000 0.444440 
Riksmal     0.000000 0.142860 0.000000 0.142860 0.000000 0.222220 0.300000 
Icelandic   0.222220 0.375000 0.222220 0.375000 0.222220 0.000000 0.272730 
Faroese     0.300000 0.444440 0.300000 0.444440 0.300000 0.272730 0.000000 
4
SwedishUp   0.000000 0.142860 0.142860 0.142860 
SwedishVL   0.142860 0.000000 0.125000 0.125000 
Danish      0.142860 0.125000 0.000000 0.000000 
Riksmal     0.142860 0.125000 0.000000 0.000000 
4
Swedish     0.000000 0.166670 0.166670 0.583335 
Danish      0.166670 0.000000 0.000000 0.500000 
Riksmal     0.166670 0.000000 0.000000 0.500000 
Faroese     0.583335 0.500000 0.500000 0.000000 
7
SwedishUp   0.000000 0.000000 0.000000 0.166670 0.166670 0.285710 0.142860 
SwedishVL   0.000000 0.000000 0.000000 0.166670 0.166670 0.285710 0.142860 
Swedish     0.000000 0.000000 0.000000 0.166670 0.166670 0.285710 0.142860 
Danish      0.166670 0.166670 0.166670 0.000000 0.000000 0.428570 0.285710 
Riksmal     0.166670 0.166670 0.166670 0.000000 0.000000 0.428570 0.285710 
Icelandic   0.285710 0.285710 0.285710 0.428570 0.428570 0.000000 0.125000 
Faroese     0.142860 0.142860 0.142860 0.285710 0.285710 0.125000 0.000000 
5
SwedishUp   0.000000 0.285710 0.000000 0.000000 0.000000 
SwedishVL   0.285710 0.000000 0.285710 0.285710 0.285710 
Swedish     0.000000 0.285710 0.000000 0.000000 0.000000 
Danish      0.000000 0.285710 0.000000 0.000000 0.000000 
Riksmal     0.000000 0.285710 0.000000 0.000000 0.000000 
7
SwedishUp   0.000000 0.200000 0.000000 0.166670 0.166670 0.166670 0.166670 
SwedishVL   0.200000 0.000000 0.200000 0.200000 0.400000 0.400000 0.400000 
Swedish     0.000000 0.200000 0.000000 0.166670 0.166670 0.166670 0.166670 
Danish      0.166670 0.200000 0.166670 0.000000 0.333330 0.333330 0.333330 
Riksmal     0.166670 0.400000 0.166670 0.333330 0.000000 0.000000 0.000000 
Icelandic   0.166670 0.400000 0.166670 0.333330 0.000000 0.000000 0.000000 
Faroese     0.166670 0.400000 0.166670 0.333330 0.000000 0.000000 0.000000 
5
SwedishUp   0.000000 0.000000 0.000000 1.000000 1.000000 
SwedishVL   0.000000 0.000000 0.000000 1.000000 1.000000 
Swedish     0.000000 0.000000 0.000000 1.000000 1.000000 
Danish      1.000000 1.000000 1.000000 0.000000 0.166670 
Riksmal     1.000000 1.000000 1.000000 0.166670 0.000000 
7
SwedishUp   0.000000 0.666665 0.500000 0.625000 0.535715 0.559525 0.579545 
SwedishVL   0.666665 0.000000 1.000000 1.000000 0.375000 0.375000 0.411760 
Swedish     0.500000 1.000000 0.000000 0.250000 1.000000 1.000000 1.000000 
Danish      0.625000 1.000000 0.250000 0.000000 1.000000 1.000000 1.000000 
Riksmal     0.535715 0.375000 1.000000 1.000000 0.000000 0.090910 0.130430 
Icelandic   0.559525 0.375000 1.000000 1.000000 0.090910 0.000000 0.043480 
Faroese     0.579545 0.411760 1.000000 1.000000 0.130430 0.043480 0.000000 
7
SwedishUp   0.000000 0.142860 0.142860 0.062500 0.000000 0.250000 0.250000 
SwedishVL   0.142860 0.000000 0.000000 0.142860 0.142860 0.285710 0.285710 
Swedish     0.142860 0.000000 0.000000 0.142860 0.142860 0.285710 0.285710 
Danish      0.062500 0.142860 0.142860 0.000000 0.062500 0.312500 0.312500 
Riksmal     0.000000 0.142860 0.142860 0.062500 0.000000 0.250000 0.250000 
Icelandic   0.250000 0.285710 0.285710 0.312500 0.250000 0.000000 0.125000 
Faroese     0.250000 0.285710 0.285710 0.312500 0.250000 0.125000 0.000000 
7
SwedishUp   0.000000 0.000000 0.000000 0.000000 0.000000 0.200000 0.100000 
SwedishVL   0.000000 0.000000 0.250000 0.250000 0.000000 0.250000 0.250000 
Swedish     0.000000 0.250000 0.000000 0.000000 0.250000 0.200000 0.100000 
Danish      0.000000 0.250000 0.000000 0.000000 0.250000 0.200000 0.100000 
Riksmal     0.000000 0.000000 0.250000 0.250000 0.000000 0.250000 0.250000 
Icelandic   0.200000 0.250000 0.200000 0.200000 0.250000 0.000000 0.100000 
Faroese     0.100000 0.250000 0.100000 0.100000 0.250000 0.100000 0.000000 
7
SwedishUp   0.000000 0.200000 0.000000 0.200000 0.090910 0.250000 0.166670 
SwedishVL   0.200000 0.000000 0.200000 0.000000 0.111110 0.300000 0.300000 
Swedish     0.000000 0.200000 0.000000 0.200000 0.090910 0.250000 0.166670 
Danish      0.200000 0.000000 0.200000 0.000000 0.111110 0.300000 0.300000 
Riksmal     0.090910 0.111110 0.090910 0.111110 0.000000 0.272730 0.272730 
Icelandic   0.250000 0.300000 0.250000 0.300000 0.272730 0.000000 0.083330 
Faroese     0.166670 0.300000 0.166670 0.300000 0.272730 0.083330 0.000000 
7
SwedishUp   0.000000 0.000000 0.000000 0.200000 0.000000 0.333330 0.333330 
SwedishVL   0.000000 0.000000 0.000000 0.200000 0.000000 0.333330 0.333330 
Swedish     0.000000 0.000000 0.000000 0.200000 0.000000 0.333330 0.333330 
Danish      0.200000 0.200000 0.200000 0.000000 0.200000 0.285710 0.285710 
Riksmal     0.000000 0.000000 0.000000 0.200000 0.000000 0.333330 0.333330 
Icelandic   0.333330 0.333330 0.333330 0.285710 0.333330 0.000000 0.000000 
Faroese     0.333330 0.333330 0.333330 0.285710 0.333330 0.000000 0.000000 
6
SwedishUp   0.000000 0.400000 0.333330 0.166670 0.142860 0.250000 
SwedishVL   0.400000 0.000000 0.625000 0.400000 0.500000 0.571430 
Swedish     0.333330 0.625000 0.000000 0.444440 0.300000 0.272730 
Danish      0.166670 0.400000 0.444440 0.000000 0.285710 0.375000 
Icelandic   0.142860 0.500000 0.300000 0.285710 0.000000 0.111110 
Faroese     0.250000 0.571430 0.272730 0.375000 0.111110 0.000000 
7
SwedishUp   0.000000 0.000000 0.000000 0.000000 0.000000 0.111110 0.200000 
SwedishVL   0.000000 0.000000 0.000000 0.000000 0.000000 0.111110 0.200000 
Swedish     0.000000 0.000000 0.000000 0.000000 0.000000 0.111110 0.200000 
Danish      0.000000 0.000000 0.000000 0.000000 0.000000 0.111110 0.200000 
Riksmal     0.000000 0.000000 0.000000 0.000000 0.000000 0.111110 0.200000 
Icelandic   0.111110 0.111110 0.111110 0.111110 0.111110 0.000000 0.090910 
Faroese     0.200000 0.200000 0.200000 0.200000 0.200000 0.090910 0.000000 
7
SwedishUp   0.000000 0.166670 0.000000 0.000000 0.000000 0.285710 0.285710 
SwedishVL   0.166670 0.000000 0.166670 0.166670 0.166670 0.285710 0.285710 
Swedish     0.000000 0.166670 0.000000 0.000000 0.000000 0.285710 0.285710 
Danish      0.000000 0.166670 0.000000 0.000000 0.000000 0.285710 0.285710 
Riksmal     0.000000 0.166670 0.000000 0.000000 0.000000 0.285710 0.285710 
Icelandic   0.285710 0.285710 0.285710 0.285710 0.285710 0.000000 0.000000 
Faroese     0.285710 0.285710 0.285710 0.285710 0.285710 0.000000 0.000000 
7
SwedishUp   0.000000 0.090910 0.000000 0.166670 0.166670 0.200000 0.090910 
SwedishVL   0.090910 0.000000 0.090910 0.181820 0.181820 0.111110 0.000000 
Swedish     0.000000 0.090910 0.000000 0.166670 0.166670 0.200000 0.090910 
Danish      0.166670 0.181820 0.166670 0.000000 0.000000 0.200000 0.181820 
Riksmal     0.166670 0.181820 0.166670 0.000000 0.000000 0.200000 0.181820 
Icelandic   0.200000 0.111110 0.200000 0.200000 0.200000 0.000000 0.111110 
Faroese     0.090910 0.000000 0.090910 0.181820 0.181820 0.111110 0.000000 
6
SwedishUp   0.000000 0.090910 0.454550 0.400000 0.181820 0.200000 
Swedish     0.090910 0.000000 0.400000 0.333330 0.100000 0.111110 
Danish      0.454550 0.400000 0.000000 0.222220 0.400000 0.444440 
Riksmal     0.400000 0.333330 0.222220 0.000000 0.333330 0.250000 
Icelandic   0.181820 0.100000 0.400000 0.333330 0.000000 0.111110 
Faroese     0.200000 0.111110 0.444440 0.250000 0.111110 0.000000 
6
SwedishUp   0.000000 0.000000 0.000000 0.083330 0.142860 0.250000 
SwedishVL   0.000000 0.000000 0.000000 0.083330 0.142860 0.250000 
Swedish     0.000000 0.000000 0.000000 0.083330 0.142860 0.250000 
Danish      0.083330 0.083330 0.083330 0.000000 0.214290 0.312500 
Icelandic   0.142860 0.142860 0.142860 0.214290 0.000000 0.111110 
Faroese     0.250000 0.250000 0.250000 0.312500 0.111110 0.000000 
7
SwedishUp   0.000000 0.000000 0.000000 0.187500 0.187500 0.400000 0.000000 
SwedishVL   0.000000 0.000000 0.000000 0.187500 0.187500 0.400000 0.000000 
Swedish     0.000000 0.000000 0.000000 0.187500 0.187500 0.400000 0.000000 
Danish      0.187500 0.187500 0.187500 0.000000 0.000000 0.400000 0.187500 
Riksmal     0.187500 0.187500 0.187500 0.000000 0.000000 0.400000 0.187500 
Icelandic   0.400000 0.400000 0.400000 0.400000 0.400000 0.000000 0.400000 
Faroese     0.000000 0.000000 0.000000 0.187500 0.187500 0.400000 0.000000 
4
SwedishUp   0.000000 0.000000 0.000000 0.100000 
SwedishVL   0.000000 0.000000 0.000000 0.100000 
Swedish     0.000000 0.000000 0.000000 0.100000 
Danish      0.100000 0.100000 0.100000 0.000000 
7
SwedishUp   0.000000 0.200000 0.000000 0.000000 0.000000 0.285710 0.250000 
SwedishVL   0.200000 0.000000 0.200000 0.200000 0.200000 0.333330 0.428570 
Swedish     0.000000 0.200000 0.000000 0.000000 0.000000 0.285710 0.250000 
Danish      0.000000 0.200000 0.000000 0.000000 0.000000 0.285710 0.250000 
Riksmal     0.000000 0.200000 0.000000 0.000000 0.000000 0.285710 0.250000 
Icelandic   0.285710 0.333330 0.285710 0.285710 0.285710 0.000000 0.222220 
Faroese     0.250000 0.428570 0.250000 0.250000 0.250000 0.222220 0.000000 
7
SwedishUp   0.000000 0.384620 0.000000 0.111110 0.222220 0.000000 0.111110 
SwedishVL   0.384620 0.000000 0.384620 0.357140 0.357140 0.384620 0.285710 
Swedish     0.000000 0.384620 0.000000 0.111110 0.222220 0.000000 0.111110 
Danish      0.111110 0.357140 0.111110 0.000000 0.200000 0.111110 0.100000 
Riksmal     0.222220 0.357140 0.222220 0.200000 0.000000 0.222220 0.100000 
Icelandic   0.000000 0.384620 0.000000 0.111110 0.222220 0.000000 0.111110 
Faroese     0.111110 0.285710 0.111110 0.100000 0.100000 0.111110 0.000000 
7
SwedishUp   0.000000 0.000000 0.000000 0.000000 0.111110 0.300000 0.200000 
SwedishVL   0.000000 0.000000 0.000000 0.000000 0.111110 0.300000 0.200000 
Swedish     0.000000 0.000000 0.000000 0.000000 0.111110 0.300000 0.200000 
Danish      0.000000 0.000000 0.000000 0.000000 0.111110 0.300000 0.200000 
Riksmal     0.111110 0.111110 0.111110 0.111110 0.000000 0.181820 0.181820 
Icelandic   0.300000 0.300000 0.300000 0.300000 0.181820 0.000000 0.333330 
Faroese     0.200000 0.200000 0.200000 0.200000 0.181820 0.333330 0.000000 
7
SwedishUp   0.000000 0.181820 0.200000 0.200000 0.083330 0.076920 0.000000 
SwedishVL   0.181820 0.000000 0.222220 0.222220 0.272730 0.250000 0.181820 
Swedish     0.200000 0.222220 0.000000 0.000000 0.200000 0.272730 0.200000 
Danish      0.200000 0.222220 0.000000 0.000000 0.200000 0.272730 0.200000 
Riksmal     0.083330 0.272730 0.200000 0.200000 0.000000 0.153850 0.083330 
Icelandic   0.076920 0.250000 0.272730 0.272730 0.153850 0.000000 0.076920 
Faroese     0.000000 0.181820 0.200000 0.200000 0.083330 0.076920 0.000000 
7
SwedishUp   0.000000 0.000000 0.000000 0.142860 0.000000 0.000000 0.000000 
SwedishVL   0.000000 0.000000 0.000000 0.142860 0.000000 0.000000 0.000000 
Swedish     0.000000 0.000000 0.000000 0.142860 0.000000 0.000000 0.000000 
Danish      0.142860 0.142860 0.142860 0.000000 0.142860 0.142860 0.142860 
Riksmal     0.000000 0.000000 0.000000 0.142860 0.000000 0.000000 0.000000 
Icelandic   0.000000 0.000000 0.000000 0.142860 0.000000 0.000000 0.000000 
Faroese     0.000000 0.000000 0.000000 0.142860 0.000000 0.000000 0.000000 
7
SwedishUp   0.000000 0.142860 0.000000 0.111110 0.000000 0.125000 0.125000 
SwedishVL   0.142860 0.000000 0.142860 0.250000 0.142860 0.285710 0.285710 
Swedish     0.000000 0.142860 0.000000 0.111110 0.000000 0.125000 0.125000 
Danish      0.111110 0.250000 0.111110 0.000000 0.111110 0.222220 0.222220 
Riksmal     0.000000 0.142860 0.000000 0.111110 0.000000 0.125000 0.125000 
Icelandic   0.125000 0.285710 0.125000 0.222220 0.125000 0.000000 0.000000 
Faroese     0.125000 0.285710 0.125000 0.222220 0.125000 0.000000 0.000000 
7
SwedishUp   0.000000 0.000000 0.000000 0.000000 0.000000 0.142860 0.142860 
SwedishVL   0.000000 0.000000 0.000000 0.000000 0.000000 0.142860 0.142860 
Swedish     0.000000 0.000000 0.000000 0.000000 0.000000 0.142860 0.142860 
Danish      0.000000 0.000000 0.000000 0.000000 0.000000 0.142860 0.142860 
Riksmal     0.000000 0.000000 0.000000 0.000000 0.000000 0.142860 0.142860 
Icelandic   0.142860 0.142860 0.142860 0.142860 0.142860 0.000000 0.000000 
Faroese     0.142860 0.142860 0.142860 0.142860 0.142860 0.000000 0.000000 
7
SwedishUp   0.000000 0.222220 0.000000 0.200000 0.444440 0.250000 0.222220 
SwedishVL   0.222220 0.000000 0.222220 0.333330 0.375000 0.388890 0.250000 
Swedish     0.000000 0.222220 0.000000 0.200000 0.444440 0.250000 0.222220 
Danish      0.200000 0.333330 0.200000 0.000000 0.222220 0.250000 0.111110 
Riksmal     0.444440 0.375000 0.444440 0.222220 0.000000 0.333330 0.250000 
Icelandic   0.250000 0.388890 0.250000 0.250000 0.333330 0.000000 0.277780 
Faroese     0.222220 0.250000 0.222220 0.111110 0.250000 0.277780 0.000000 
7
SwedishUp   0.000000 0.200000 0.000000 0.166670 0.166670 0.000000 0.000000 
SwedishVL   0.200000 0.000000 0.200000 0.400000 0.400000 0.200000 0.200000 
Swedish     0.000000 0.200000 0.000000 0.166670 0.166670 0.000000 0.000000 
Danish      0.166670 0.400000 0.166670 0.000000 0.000000 0.166670 0.166670 
Riksmal     0.166670 0.400000 0.166670 0.000000 0.000000 0.166670 0.166670 
Icelandic   0.000000 0.200000 0.000000 0.166670 0.166670 0.000000 0.000000 
Faroese     0.000000 0.200000 0.000000 0.166670 0.166670 0.000000 0.000000 
6
SwedishUp   0.000000 0.125000 1.000000 0.000000 0.000000 0.200000 
SwedishVL   0.125000 0.000000 1.000000 0.125000 0.125000 0.300000 
Swedish     1.000000 1.000000 0.000000 1.000000 1.000000 1.000000 
Danish      0.000000 0.125000 1.000000 0.000000 0.000000 0.200000 
Riksmal     0.000000 0.125000 1.000000 0.000000 0.000000 0.200000 
Icelandic   0.200000 0.300000 1.000000 0.200000 0.200000 0.000000 
7
SwedishUp   0.000000 0.000000 0.000000 0.166670 0.166670 0.166670 0.166670 
SwedishVL   0.000000 0.000000 0.000000 0.166670 0.166670 0.166670 0.166670 
Swedish     0.000000 0.000000 0.000000 0.166670 0.166670 0.166670 0.166670 
Danish      0.166670 0.166670 0.166670 0.000000 0.000000 0.000000 0.000000 
Riksmal     0.166670 0.166670 0.166670 0.000000 0.000000 0.000000 0.000000 
Icelandic   0.166670 0.166670 0.166670 0.000000 0.000000 0.000000 0.000000 
Faroese     0.166670 0.166670 0.166670 0.000000 0.000000 0.000000 0.000000 
7
SwedishUp   0.000000 0.285710 0.250000 0.583330 0.583330 0.444440 0.400000 
SwedishVL   0.285710 0.000000 0.333330 0.461540 0.461540 0.400000 0.545450 
Swedish     0.250000 0.333330 0.000000 0.500000 0.500000 0.272730 0.333330 
Danish      0.583330 0.461540 0.500000 0.000000 0.055560 0.437500 0.500000 
Riksmal     0.583330 0.461540 0.500000 0.055560 0.000000 0.375000 0.437500 
Icelandic   0.444440 0.400000 0.272730 0.437500 0.375000 0.000000 0.230770 
Faroese     0.400000 0.545450 0.333330 0.500000 0.437500 0.230770 0.000000 
7
SwedishUp   0.000000 0.500000 0.000000 0.166670 0.166670 0.400000 0.400000 
SwedishVL   0.500000 0.000000 0.500000 0.583335 0.583335 0.700000 0.700000 
Swedish     0.000000 0.500000 0.000000 0.166670 0.166670 0.400000 0.400000 
Danish      0.166670 0.583335 0.166670 0.000000 0.000000 0.200000 0.200000 
Riksmal     0.166670 0.583335 0.166670 0.000000 0.000000 0.200000 0.200000 
Icelandic   0.400000 0.700000 0.400000 0.200000 0.200000 0.000000 0.000000 
Faroese     0.400000 0.700000 0.400000 0.200000 0.200000 0.000000 0.000000 
7
SwedishUp   0.000000 0.000000 0.000000 0.000000 0.000000 0.000000 0.333330 
SwedishVL   0.000000 0.000000 0.000000 0.000000 0.000000 0.000000 0.333330 
Swedish     0.000000 0.000000 0.000000 0.000000 0.000000 0.000000 0.333330 
Danish      0.000000 0.000000 0.000000 0.000000 0.000000 0.000000 0.333330 
Riksmal     0.000000 0.000000 0.000000 0.000000 0.000000 0.000000 0.333330 
Icelandic   0.000000 0.000000 0.000000 0.000000 0.000000 0.000000 0.333330 
Faroese     0.333330 0.333330 0.333330 0.333330 0.333330 0.333330 0.000000 
5
SwedishUp   0.000000 0.000000 0.000000 1.000000 0.250000 
SwedishVL   0.000000 0.000000 0.000000 1.000000 0.250000 
Swedish     0.000000 0.000000 0.000000 1.000000 0.250000 
Icelandic   1.000000 1.000000 1.000000 0.000000 1.000000 
Faroese     0.250000 0.250000 0.250000 1.000000 0.000000 
7
SwedishUp   0.000000 0.000000 0.000000 0.000000 0.000000 0.000000 0.000000 
SwedishVL   0.000000 0.000000 0.000000 0.000000 0.000000 0.000000 0.000000 
Swedish     0.000000 0.000000 0.000000 0.000000 0.000000 0.000000 0.000000 
Danish      0.000000 0.000000 0.000000 0.000000 0.000000 0.000000 0.000000 
Riksmal     0.000000 0.000000 0.000000 0.000000 0.000000 0.000000 0.000000 
Icelandic   0.000000 0.000000 0.000000 0.000000 0.000000 0.000000 0.000000 
Faroese     0.000000 0.000000 0.000000 0.000000 0.000000 0.000000 0.000000 
4
SwedishUp   0.000000 0.200000 0.000000 0.200000 
SwedishVL   0.200000 0.000000 0.200000 0.000000 
Swedish     0.000000 0.200000 0.000000 0.200000 
Danish      0.200000 0.000000 0.200000 0.000000 
7
SwedishUp   0.000000 0.571430 0.500000 1.000000 0.000000 1.000000 0.000000 
SwedishVL   0.571430 0.000000 0.238095 0.666665 0.571430 0.625000 0.571430 
Swedish     0.500000 0.238095 0.000000 0.500000 0.500000 0.795455 0.500000 
Danish      1.000000 0.666665 0.500000 0.000000 1.000000 0.590910 1.000000 
Riksmal     0.000000 0.571430 0.500000 1.000000 0.000000 1.000000 0.000000 
Icelandic   1.000000 0.625000 0.795455 0.590910 1.000000 0.000000 1.000000 
Faroese     0.000000 0.571430 0.500000 1.000000 0.000000 1.000000 0.000000 
7
SwedishUp   0.000000 0.071430 0.000000 0.214290 0.214290 0.214290 0.214290 
SwedishVL   0.071430 0.000000 0.071430 0.214290 0.214290 0.142860 0.142860 
Swedish     0.000000 0.071430 0.000000 0.214290 0.214290 0.214290 0.214290 
Danish      0.214290 0.214290 0.214290 0.000000 0.000000 0.142860 0.142860 
Riksmal     0.214290 0.214290 0.214290 0.000000 0.000000 0.142860 0.142860 
Icelandic   0.214290 0.142860 0.214290 0.142860 0.142860 0.000000 0.000000 
Faroese     0.214290 0.142860 0.214290 0.142860 0.142860 0.000000 0.000000 
6
SwedishUp   0.000000 0.000000 0.000000 0.000000 0.000000 0.571430 
SwedishVL   0.000000 0.000000 0.000000 0.000000 0.000000 0.571430 
Swedish     0.000000 0.000000 0.000000 0.000000 0.000000 0.571430 
Danish      0.000000 0.000000 0.000000 0.000000 0.000000 0.571430 
Riksmal     0.000000 0.000000 0.000000 0.000000 0.000000 0.571430 
Faroese     0.571430 0.571430 0.571430 0.571430 0.571430 0.000000 
7
SwedishUp   0.000000 0.100000 0.000000 0.000000 0.000000 0.277780 0.200000 
SwedishVL   0.100000 0.000000 0.100000 0.100000 0.100000 0.277780 0.200000 
Swedish     0.000000 0.100000 0.000000 0.000000 0.000000 0.277780 0.200000 
Danish      0.000000 0.100000 0.000000 0.000000 0.000000 0.277780 0.200000 
Riksmal     0.000000 0.100000 0.000000 0.000000 0.000000 0.277780 0.200000 
Icelandic   0.277780 0.277780 0.277780 0.277780 0.277780 0.000000 0.166670 
Faroese     0.200000 0.200000 0.200000 0.200000 0.200000 0.166670 0.000000 
7
SwedishUp   0.000000 0.125000 0.000000 0.000000 0.000000 0.111110 0.200000 
SwedishVL   0.125000 0.000000 0.125000 0.125000 0.125000 0.222220 0.300000 
Swedish     0.000000 0.125000 0.000000 0.000000 0.000000 0.111110 0.200000 
Danish      0.000000 0.125000 0.000000 0.000000 0.000000 0.111110 0.200000 
Riksmal     0.000000 0.125000 0.000000 0.000000 0.000000 0.111110 0.200000 
Icelandic   0.111110 0.222220 0.111110 0.111110 0.111110 0.000000 0.090910 
Faroese     0.200000 0.300000 0.200000 0.200000 0.200000 0.090910 0.000000 
7
SwedishUp   0.000000 0.000000 0.000000 0.000000 0.000000 0.000000 0.000000 
SwedishVL   0.000000 0.000000 0.000000 0.000000 0.000000 0.000000 0.000000 
Swedish     0.000000 0.000000 0.000000 0.000000 0.000000 0.000000 0.000000 
Danish      0.000000 0.000000 0.000000 0.000000 0.000000 0.000000 0.000000 
Riksmal     0.000000 0.000000 0.000000 0.000000 0.000000 0.000000 0.000000 
Icelandic   0.000000 0.000000 0.000000 0.000000 0.000000 0.000000 0.000000 
Faroese     0.000000 0.000000 0.000000 0.000000 0.000000 0.000000 0.000000 
7
SwedishUp   0.000000 0.071430 0.000000 0.571430 0.571430 0.500000 0.722220 
SwedishVL   0.071430 0.000000 0.071430 0.571430 0.571430 0.571430 0.687500 
Swedish     0.000000 0.071430 0.000000 0.571430 0.571430 0.500000 0.722220 
Danish      0.571430 0.571430 0.571430 0.000000 0.125000 1.000000 1.000000 
Riksmal     0.571430 0.571430 0.571430 0.125000 0.000000 1.000000 1.000000 
Icelandic   0.500000 0.571430 0.500000 1.000000 1.000000 0.000000 0.111110 
Faroese     0.722220 0.687500 0.722220 1.000000 1.000000 0.111110 0.000000 
6
SwedishUp   0.000000 0.111110 0.000000 0.100000 0.100000 0.181820 
SwedishVL   0.111110 0.000000 0.111110 0.111110 0.111110 0.200000 
Swedish     0.000000 0.111110 0.000000 0.100000 0.100000 0.181820 
Danish      0.100000 0.111110 0.100000 0.000000 0.000000 0.181820 
Riksmal     0.100000 0.111110 0.100000 0.000000 0.000000 0.181820 
Faroese     0.181820 0.200000 0.181820 0.181820 0.181820 0.000000 
4
SwedishUp   0.000000 0.000000 0.214290 0.111110 
Swedish     0.000000 0.000000 0.214290 0.111110 
Danish      0.214290 0.214290 0.000000 0.312500 
Riksmal     0.111110 0.111110 0.312500 0.000000 
7
SwedishUp   0.000000 0.500000 0.500000 0.500000 0.500000 0.625000 0.550000 
SwedishVL   0.500000 0.000000 1.000000 1.000000 0.000000 0.250000 1.000000 
Swedish     0.500000 1.000000 0.000000 0.000000 1.000000 1.000000 0.100000 
Danish      0.500000 1.000000 0.000000 0.000000 1.000000 1.000000 0.100000 
Riksmal     0.500000 0.000000 1.000000 1.000000 0.000000 0.250000 1.000000 
Icelandic   0.625000 0.250000 1.000000 1.000000 0.250000 0.000000 1.000000 
Faroese     0.550000 1.000000 0.100000 0.100000 1.000000 1.000000 0.000000 
7
SwedishUp   0.000000 0.625000 0.000000 0.111110 1.000000 1.000000 1.000000 
SwedishVL   0.625000 0.000000 0.625000 0.666665 0.555555 0.555555 0.555555 
Swedish     0.000000 0.625000 0.000000 0.111110 1.000000 1.000000 1.000000 
Danish      0.111110 0.666665 0.111110 0.000000 1.000000 1.000000 1.000000 
Riksmal     1.000000 0.555555 1.000000 1.000000 0.000000 0.100000 0.100000 
Icelandic   1.000000 0.555555 1.000000 1.000000 0.100000 0.000000 0.000000 
Faroese     1.000000 0.555555 1.000000 1.000000 0.100000 0.000000 0.000000 
7
SwedishUp   0.000000 0.166670 0.000000 0.142860 0.142860 0.250000 0.333330 
SwedishVL   0.166670 0.000000 0.166670 0.285710 0.285710 0.375000 0.444440 
Swedish     0.000000 0.166670 0.000000 0.142860 0.142860 0.250000 0.333330 
Danish      0.142860 0.285710 0.142860 0.000000 0.125000 0.222220 0.300000 
Riksmal     0.142860 0.285710 0.142860 0.125000 0.000000 0.111110 0.200000 
Icelandic   0.250000 0.375000 0.250000 0.222220 0.111110 0.000000 0.090910 
Faroese     0.333330 0.444440 0.333330 0.300000 0.200000 0.090910 0.000000 
7
SwedishUp   0.000000 0.000000 0.000000 1.000000 1.000000 1.000000 1.000000 
SwedishVL   0.000000 0.000000 0.000000 1.000000 1.000000 1.000000 1.000000 
Swedish     0.000000 0.000000 0.000000 1.000000 1.000000 1.000000 1.000000 
Danish      1.000000 1.000000 1.000000 0.000000 0.000000 0.062500 0.000000 
Riksmal     1.000000 1.000000 1.000000 0.000000 0.000000 0.062500 0.000000 
Icelandic   1.000000 1.000000 1.000000 0.062500 0.062500 0.000000 0.062500 
Faroese     1.000000 1.000000 1.000000 0.000000 0.000000 0.062500 0.000000 
7
SwedishUp   0.000000 0.000000 0.000000 0.500000 0.500000 0.653845 0.625000 
SwedishVL   0.000000 0.000000 0.000000 0.500000 0.500000 0.615385 0.583335 
Swedish     0.000000 0.000000 0.000000 0.500000 0.500000 0.653845 0.625000 
Danish      0.500000 0.500000 0.500000 0.000000 0.000000 1.000000 1.000000 
Riksmal     0.500000 0.500000 0.500000 0.000000 0.000000 1.000000 1.000000 
Icelandic   0.653845 0.615385 0.653845 1.000000 1.000000 0.000000 0.066670 
Faroese     0.625000 0.583335 0.625000 1.000000 1.000000 0.066670 0.000000 
6
SwedishUp   0.000000 0.142860 0.000000 0.250000 0.250000 0.142860 
SwedishVL   0.142860 0.000000 0.142860 0.142860 0.142860 0.000000 
Swedish     0.000000 0.142860 0.000000 0.250000 0.250000 0.142860 
Danish      0.250000 0.142860 0.250000 0.000000 0.000000 0.142860 
Riksmal     0.250000 0.142860 0.250000 0.000000 0.000000 0.142860 
Faroese     0.142860 0.000000 0.142860 0.142860 0.142860 0.000000 
7
SwedishUp   0.000000 0.000000 0.000000 0.000000 0.000000 0.000000 0.200000 
SwedishVL   0.000000 0.000000 0.000000 0.000000 0.000000 0.000000 0.200000 
Swedish     0.000000 0.000000 0.000000 0.000000 0.000000 0.000000 0.200000 
Danish      0.000000 0.000000 0.000000 0.000000 0.000000 0.000000 0.200000 
Riksmal     0.000000 0.000000 0.000000 0.000000 0.000000 0.000000 0.200000 
Icelandic   0.000000 0.000000 0.000000 0.000000 0.000000 0.000000 0.200000 
Faroese     0.200000 0.200000 0.200000 0.200000 0.200000 0.200000 0.000000 
5
SwedishUp   0.000000 0.000000 0.000000 0.000000 0.000000 
SwedishVL   0.000000 0.000000 0.000000 0.000000 0.000000 
Swedish     0.000000 0.000000 0.000000 0.000000 0.000000 
Danish      0.000000 0.000000 0.000000 0.000000 0.000000 
Riksmal     0.000000 0.000000 0.000000 0.000000 0.000000 
7
SwedishUp   0.000000 0.142860 0.000000 0.142860 0.000000 0.125000 0.000000 
SwedishVL   0.142860 0.000000 0.142860 0.000000 0.142860 0.285710 0.142860 
Swedish     0.000000 0.142860 0.000000 0.142860 0.000000 0.125000 0.000000 
Danish      0.142860 0.000000 0.142860 0.000000 0.142860 0.285710 0.142860 
Riksmal     0.000000 0.142860 0.000000 0.142860 0.000000 0.125000 0.000000 
Icelandic   0.125000 0.285710 0.125000 0.285710 0.125000 0.000000 0.125000 
Faroese     0.000000 0.142860 0.000000 0.142860 0.000000 0.125000 0.000000 
7
SwedishUp   0.000000 0.000000 0.000000 0.222220 0.250000 0.428570 0.285710 
SwedishVL   0.000000 0.000000 0.000000 0.222220 0.250000 0.428570 0.285710 
Swedish     0.000000 0.000000 0.000000 0.222220 0.250000 0.333330 0.000000 
Danish      0.222220 0.222220 0.222220 0.000000 0.111110 0.375000 0.375000 
Riksmal     0.250000 0.250000 0.250000 0.111110 0.000000 0.285710 0.285710 
Icelandic   0.428570 0.428570 0.333330 0.375000 0.285710 0.000000 0.333330 
Faroese     0.285710 0.285710 0.000000 0.375000 0.285710 0.333330 0.000000 
7
SwedishUp   0.000000 0.125000 0.500000 1.000000 1.000000 1.000000 1.000000 
SwedishVL   0.125000 0.000000 0.562500 1.000000 1.000000 1.000000 1.000000 
Swedish     0.500000 0.562500 0.000000 0.531250 0.531250 0.656250 0.593750 
Danish      1.000000 1.000000 0.531250 0.000000 0.000000 0.250000 0.125000 
Riksmal     1.000000 1.000000 0.531250 0.000000 0.000000 0.250000 0.125000 
Icelandic   1.000000 1.000000 0.656250 0.250000 0.250000 0.000000 0.125000 
Faroese     1.000000 1.000000 0.593750 0.125000 0.125000 0.125000 0.000000 
7
SwedishUp   0.000000 0.090910 0.000000 0.083330 0.083330 0.166670 0.090910 
SwedishVL   0.090910 0.000000 0.090910 0.181820 0.181820 0.090910 0.000000 
Swedish     0.000000 0.090910 0.000000 0.083330 0.083330 0.166670 0.090910 
Danish      0.083330 0.181820 0.083330 0.000000 0.000000 0.166670 0.181820 
Riksmal     0.083330 0.181820 0.083330 0.000000 0.000000 0.166670 0.181820 
Icelandic   0.166670 0.090910 0.166670 0.166670 0.166670 0.000000 0.090910 
Faroese     0.090910 0.000000 0.090910 0.181820 0.181820 0.090910 0.000000 
7
SwedishUp   0.000000 0.000000 0.000000 0.000000 0.000000 0.333330 0.200000 
SwedishVL   0.000000 0.000000 0.000000 0.000000 0.000000 0.333330 0.200000 
Swedish     0.000000 0.000000 0.000000 0.000000 0.000000 0.333330 0.200000 
Danish      0.000000 0.000000 0.000000 0.000000 0.000000 0.333330 0.200000 
Riksmal     0.000000 0.000000 0.000000 0.000000 0.000000 0.333330 0.200000 
Icelandic   0.333330 0.333330 0.333330 0.333330 0.333330 0.000000 0.142860 
Faroese     0.200000 0.200000 0.200000 0.200000 0.200000 0.142860 0.000000 
7
SwedishUp   0.000000 0.250000 0.000000 0.200000 0.100000 0.100000 0.100000 
SwedishVL   0.250000 0.000000 0.250000 0.375000 0.375000 0.250000 0.250000 
Swedish     0.000000 0.250000 0.000000 0.200000 0.100000 0.100000 0.100000 
Danish      0.200000 0.375000 0.200000 0.000000 0.100000 0.300000 0.300000 
Riksmal     0.100000 0.375000 0.100000 0.100000 0.000000 0.200000 0.200000 
Icelandic   0.100000 0.250000 0.100000 0.300000 0.200000 0.000000 0.000000 
Faroese     0.100000 0.250000 0.100000 0.300000 0.200000 0.000000 0.000000 
7
SwedishUp   0.000000 0.590910 0.000000 0.000000 1.000000 1.000000 1.000000 
SwedishVL   0.590910 0.000000 0.590910 0.590910 0.692310 0.666665 0.650000 
Swedish     0.000000 0.590910 0.000000 0.000000 1.000000 1.000000 1.000000 
Danish      0.000000 0.590910 0.000000 0.000000 1.000000 1.000000 1.000000 
Riksmal     1.000000 0.692310 1.000000 1.000000 0.000000 0.583330 0.538460 
Icelandic   1.000000 0.666665 1.000000 1.000000 0.583330 0.000000 0.222220 
Faroese     1.000000 0.650000 1.000000 1.000000 0.538460 0.222220 0.000000 
7
SwedishUp   0.000000 0.200000 0.000000 0.000000 0.000000 0.375000 0.444440 
SwedishVL   0.200000 0.000000 0.200000 0.200000 0.200000 0.428570 0.625000 
Swedish     0.000000 0.200000 0.000000 0.000000 0.000000 0.375000 0.444440 
Danish      0.000000 0.200000 0.000000 0.000000 0.000000 0.375000 0.444440 
Riksmal     0.000000 0.200000 0.000000 0.000000 0.000000 0.375000 0.444440 
Icelandic   0.375000 0.428570 0.375000 0.375000 0.375000 0.000000 0.363640 
Faroese     0.444440 0.625000 0.444440 0.444440 0.444440 0.363640 0.000000 
7
SwedishUp   0.000000 0.142860 0.000000 0.285710 0.400000 0.222220 0.272730 
SwedishVL   0.142860 0.000000 0.142860 0.166670 0.444440 0.375000 0.400000 
Swedish     0.000000 0.142860 0.000000 0.285710 0.400000 0.222220 0.272730 
Danish      0.285710 0.166670 0.285710 0.000000 0.444440 0.250000 0.400000 
Riksmal     0.400000 0.444440 0.400000 0.444440 0.000000 0.363640 0.384620 
Icelandic   0.222220 0.375000 0.222220 0.250000 0.363640 0.000000 0.166670 
Faroese     0.272730 0.400000 0.272730 0.400000 0.384620 0.166670 0.000000 
7
SwedishUp   0.000000 0.100000 0.000000 0.300000 0.300000 0.363640 0.200000 
SwedishVL   0.100000 0.000000 0.100000 0.300000 0.300000 0.363640 0.200000 
Swedish     0.000000 0.100000 0.000000 0.300000 0.300000 0.363640 0.200000 
Danish      0.300000 0.300000 0.300000 0.000000 0.100000 0.363640 0.200000 
Riksmal     0.300000 0.300000 0.300000 0.100000 0.000000 0.363640 0.200000 
Icelandic   0.363640 0.363640 0.363640 0.363640 0.363640 0.000000 0.181820 
Faroese     0.200000 0.200000 0.200000 0.200000 0.200000 0.181820 0.000000 
7
SwedishUp   0.000000 0.000000 0.000000 0.333330 0.333330 0.285710 0.375000 
SwedishVL   0.000000 0.000000 0.000000 0.333330 0.333330 0.285710 0.375000 
Swedish     0.000000 0.000000 0.000000 0.333330 0.333330 0.285710 0.375000 
Danish      0.333330 0.333330 0.333330 0.000000 0.166670 0.285710 0.375000 
Riksmal     0.333330 0.333330 0.333330 0.166670 0.000000 0.285710 0.375000 
Icelandic   0.285710 0.285710 0.285710 0.285710 0.285710 0.000000 0.111110 
Faroese     0.375000 0.375000 0.375000 0.375000 0.375000 0.111110 0.000000 
7
SwedishUp   0.000000 0.000000 0.000000 0.083330 0.000000 0.000000 0.000000 
SwedishVL   0.000000 0.000000 0.000000 0.083330 0.000000 0.000000 0.000000 
Swedish     0.000000 0.000000 0.000000 0.083330 0.000000 0.000000 0.000000 
Danish      0.083330 0.083330 0.083330 0.000000 0.083330 0.083330 0.083330 
Riksmal     0.000000 0.000000 0.000000 0.083330 0.000000 0.000000 0.000000 
Icelandic   0.000000 0.000000 0.000000 0.083330 0.000000 0.000000 0.000000 
Faroese     0.000000 0.000000 0.000000 0.083330 0.000000 0.000000 0.000000 
7
SwedishUp   0.000000 0.000000 0.500000 0.000000 1.000000 0.250000 0.142860 
SwedishVL   0.000000 0.000000 0.500000 0.000000 1.000000 0.250000 0.142860 
Swedish     0.500000 0.500000 0.000000 0.500000 1.000000 0.625000 0.571430 
Danish      0.000000 0.000000 0.500000 0.000000 1.000000 0.250000 0.142860 
Riksmal     1.000000 1.000000 1.000000 1.000000 0.000000 1.000000 1.000000 
Icelandic   0.250000 0.250000 0.625000 0.250000 1.000000 0.000000 0.111110 
Faroese     0.142860 0.142860 0.571430 0.142860 1.000000 0.111110 0.000000 
6
SwedishUp   0.000000 0.272730 0.000000 0.230770 0.083330 0.272730 
SwedishVL   0.272730 0.000000 0.272730 0.375000 0.181820 0.100000 
Swedish     0.000000 0.272730 0.000000 0.230770 0.083330 0.272730 
Danish      0.230770 0.375000 0.230770 0.000000 0.230770 0.375000 
Riksmal     0.083330 0.181820 0.083330 0.230770 0.000000 0.181820 
Faroese     0.272730 0.100000 0.272730 0.375000 0.181820 0.000000 
7
SwedishUp   0.000000 0.000000 0.000000 0.000000 0.000000 0.000000 0.000000 
SwedishVL   0.000000 0.000000 0.000000 0.000000 0.000000 0.000000 0.000000 
Swedish     0.000000 0.000000 0.000000 0.000000 0.000000 0.000000 0.000000 
Danish      0.000000 0.000000 0.000000 0.000000 0.000000 0.000000 0.000000 
Riksmal     0.000000 0.000000 0.000000 0.000000 0.000000 0.000000 0.000000 
Icelandic   0.000000 0.000000 0.000000 0.000000 0.000000 0.000000 0.000000 
Faroese     0.000000 0.000000 0.000000 0.000000 0.000000 0.000000 0.000000 
7
SwedishUp   0.000000 0.142860 0.000000 0.000000 0.000000 0.111110 0.200000 
SwedishVL   0.142860 0.000000 0.142860 0.142860 0.142860 0.250000 0.333330 
Swedish     0.000000 0.142860 0.000000 0.000000 0.000000 0.111110 0.200000 
Danish      0.000000 0.142860 0.000000 0.000000 0.000000 0.111110 0.200000 
Riksmal     0.000000 0.142860 0.000000 0.000000 0.000000 0.111110 0.200000 
Icelandic   0.111110 0.250000 0.111110 0.111110 0.111110 0.000000 0.090910 
Faroese     0.200000 0.333330 0.200000 0.200000 0.200000 0.090910 0.000000 
7
SwedishUp   0.000000 1.000000 0.500000 1.000000 0.000000 0.142860 0.700000 
SwedishVL   1.000000 0.000000 0.500000 0.000000 1.000000 1.000000 0.500000 
Swedish     0.500000 0.500000 0.000000 0.500000 0.500000 0.571430 0.200000 
Danish      1.000000 0.000000 0.500000 0.000000 1.000000 1.000000 0.500000 
Riksmal     0.000000 1.000000 0.500000 1.000000 0.000000 0.142860 0.700000 
Icelandic   0.142860 1.000000 0.571430 1.000000 0.142860 0.000000 0.636365 
Faroese     0.700000 0.500000 0.200000 0.500000 0.700000 0.636365 0.000000 
7
SwedishUp   0.000000 0.000000 1.000000 1.000000 0.000000 0.285710 0.285710 
SwedishVL   0.000000 0.000000 1.000000 1.000000 0.000000 0.285710 0.285710 
Swedish     1.000000 1.000000 0.000000 0.142860 1.000000 1.000000 1.000000 
Danish      1.000000 1.000000 0.142860 0.000000 1.000000 1.000000 1.000000 
Riksmal     0.000000 0.000000 1.000000 1.000000 0.000000 0.285710 0.285710 
Icelandic   0.285710 0.285710 1.000000 1.000000 0.285710 0.000000 0.000000 
Faroese     0.285710 0.285710 1.000000 1.000000 0.285710 0.000000 0.000000 
3
Swedish     0.000000 0.000000 0.000000 
Danish      0.000000 0.000000 0.000000 
Riksmal     0.000000 0.000000 0.000000 
5
SwedishUp   0.000000 0.142860 0.000000 0.000000 0.000000 
SwedishVL   0.142860 0.000000 0.142860 0.142860 0.142860 
Swedish     0.000000 0.142860 0.000000 0.000000 0.000000 
Danish      0.000000 0.142860 0.000000 0.000000 0.000000 
Riksmal     0.000000 0.142860 0.000000 0.000000 0.000000 
7
SwedishUp   0.000000 0.250000 0.500000 1.000000 1.000000 0.500000 0.500000 
SwedishVL   0.250000 0.000000 0.625000 1.000000 1.000000 0.625000 0.625000 
Swedish     0.500000 0.625000 0.000000 0.500000 0.500000 0.083335 0.083335 
Danish      1.000000 1.000000 0.500000 0.000000 0.000000 0.583335 0.583335 
Riksmal     1.000000 1.000000 0.500000 0.000000 0.000000 0.583335 0.583335 
Icelandic   0.500000 0.625000 0.083335 0.583335 0.583335 0.000000 0.000000 
Faroese     0.500000 0.625000 0.083335 0.583335 0.583335 0.000000 0.000000 
7
SwedishUp   0.000000 0.190910 0.500000 0.500000 0.500000 0.625000 0.636365 
SwedishVL   0.190910 0.000000 0.590910 0.590910 0.590910 0.636365 0.600000 
Swedish     0.500000 0.590910 0.000000 0.000000 0.000000 0.250000 0.272730 
Danish      0.500000 0.590910 0.000000 0.000000 0.000000 0.250000 0.272730 
Riksmal     0.500000 0.590910 0.000000 0.000000 0.000000 0.250000 0.272730 
Icelandic   0.625000 0.636365 0.250000 0.250000 0.250000 0.000000 0.090910 
Faroese     0.636365 0.600000 0.272730 0.272730 0.272730 0.090910 0.000000 
7
SwedishUp   0.000000 0.111110 0.000000 0.300000 0.000000 0.272730 0.200000 
SwedishVL   0.111110 0.000000 0.111110 0.333330 0.111110 0.300000 0.222220 
Swedish     0.000000 0.111110 0.000000 0.300000 0.000000 0.272730 0.200000 
Danish      0.300000 0.333330 0.300000 0.000000 0.300000 0.272730 0.300000 
Riksmal     0.000000 0.111110 0.000000 0.300000 0.000000 0.272730 0.200000 
Icelandic   0.272730 0.300000 0.272730 0.272730 0.272730 0.000000 0.090910 
Faroese     0.200000 0.222220 0.200000 0.300000 0.200000 0.090910 0.000000 
7
SwedishUp   0.000000 0.000000 0.000000 0.166670 0.000000 0.375000 0.333330 
SwedishVL   0.000000 0.000000 0.000000 0.166670 0.000000 0.375000 0.333330 
Swedish     0.000000 0.000000 0.000000 0.166670 0.000000 0.375000 0.333330 
Danish      0.166670 0.166670 0.166670 0.000000 0.166670 0.500000 0.444440 
Riksmal     0.000000 0.000000 0.000000 0.166670 0.000000 0.375000 0.333330 
Icelandic   0.375000 0.375000 0.375000 0.500000 0.375000 0.000000 0.181820 
Faroese     0.333330 0.333330 0.333330 0.444440 0.333330 0.181820 0.000000 
7
SwedishUp   0.000000 0.000000 0.500000 1.000000 1.000000 0.300000 0.333330 
SwedishVL   0.000000 0.000000 0.500000 1.000000 1.000000 0.200000 0.333330 
Swedish     0.500000 0.500000 0.000000 0.555555 0.500000 0.650000 0.666665 
Danish      1.000000 1.000000 0.555555 0.000000 0.111110 1.000000 1.000000 
Riksmal     1.000000 1.000000 0.500000 0.111110 0.000000 1.000000 1.000000 
Icelandic   0.300000 0.200000 0.650000 1.000000 1.000000 0.000000 0.142860 
Faroese     0.333330 0.333330 0.666665 1.000000 1.000000 0.142860 0.000000 
6
SwedishUp   0.000000 0.000000 0.000000 1.000000 0.000000 1.000000 
SwedishVL   0.000000 0.000000 0.000000 1.000000 0.000000 1.000000 
Swedish     0.000000 0.000000 0.000000 1.000000 0.000000 1.000000 
Danish      1.000000 1.000000 1.000000 0.000000 1.000000 0.166670 
Riksmal     0.000000 0.000000 0.000000 1.000000 0.000000 1.000000 
Faroese     1.000000 1.000000 1.000000 0.166670 1.000000 0.000000 
6
SwedishUp   0.000000 0.000000 0.000000 0.166670 0.166670 0.250000 
SwedishVL   0.000000 0.000000 0.000000 0.166670 0.166670 0.250000 
Swedish     0.000000 0.000000 0.000000 0.166670 0.166670 0.250000 
Danish      0.166670 0.166670 0.166670 0.000000 0.000000 0.375000 
Riksmal     0.166670 0.166670 0.166670 0.000000 0.000000 0.375000 
Icelandic   0.250000 0.250000 0.250000 0.375000 0.375000 0.000000 
7
SwedishUp   0.000000 0.000000 0.000000 0.300000 0.444440 0.416670 0.272730 
SwedishVL   0.000000 0.000000 0.000000 0.300000 0.444440 0.416670 0.272730 
Swedish     0.000000 0.000000 0.000000 0.200000 0.333330 0.416670 0.272730 
Danish      0.300000 0.300000 0.200000 0.000000 0.111110 0.416670 0.454550 
Riksmal     0.444440 0.444440 0.333330 0.111110 0.000000 0.454550 0.500000 
Icelandic   0.416670 0.416670 0.416670 0.416670 0.454550 0.000000 0.153850 
Faroese     0.272730 0.272730 0.272730 0.454550 0.500000 0.153850 0.000000 
7
SwedishUp   0.000000 1.000000 0.000000 0.142860 0.142860 0.000000 0.071430 
SwedishVL   1.000000 0.000000 1.000000 1.000000 1.000000 1.000000 1.000000 
Swedish     0.000000 1.000000 0.000000 0.142860 0.142860 0.000000 0.071430 
Danish      0.142860 1.000000 0.142860 0.000000 0.000000 0.142860 0.142860 
Riksmal     0.142860 1.000000 0.142860 0.000000 0.000000 0.142860 0.142860 
Icelandic   0.000000 1.000000 0.000000 0.142860 0.142860 0.000000 0.071430 
Faroese     0.071430 1.000000 0.071430 0.142860 0.142860 0.071430 0.000000 
4
SwedishUp   0.000000 0.090910 0.300000 0.227270 
SwedishVL   0.090910 0.000000 0.222220 0.200000 
Danish      0.300000 0.222220 0.000000 0.111110 
Riksmal     0.227270 0.200000 0.111110 0.000000 
7
SwedishUp   0.000000 0.000000 0.000000 0.000000 0.000000 0.200000 0.272730 
SwedishVL   0.000000 0.000000 0.000000 0.000000 0.000000 0.200000 0.272730 
Swedish     0.000000 0.000000 0.000000 0.000000 0.000000 0.200000 0.272730 
Danish      0.000000 0.000000 0.000000 0.000000 0.000000 0.200000 0.272730 
Riksmal     0.000000 0.000000 0.000000 0.000000 0.000000 0.200000 0.272730 
Icelandic   0.200000 0.200000 0.200000 0.200000 0.200000 0.000000 0.153850 
Faroese     0.272730 0.272730 0.272730 0.272730 0.272730 0.153850 0.000000 
5
SwedishUp   0.000000 0.000000 0.000000 0.285710 0.400000 
SwedishVL   0.000000 0.000000 0.000000 0.285710 0.400000 
Swedish     0.000000 0.000000 0.000000 0.285710 0.400000 
Riksmal     0.285710 0.285710 0.285710 0.000000 0.272730 
Faroese     0.400000 0.400000 0.400000 0.272730 0.000000 
7
SwedishUp   0.000000 0.000000 0.000000 0.000000 0.000000 0.000000 0.000000 
SwedishVL   0.000000 0.000000 0.000000 0.000000 0.000000 0.000000 0.000000 
Swedish     0.000000 0.000000 0.000000 0.000000 0.000000 0.000000 0.000000 
Danish      0.000000 0.000000 0.000000 0.000000 0.000000 0.000000 0.000000 
Riksmal     0.000000 0.000000 0.000000 0.000000 0.000000 0.000000 0.000000 
Icelandic   0.000000 0.000000 0.000000 0.000000 0.000000 0.000000 0.000000 
Faroese     0.000000 0.000000 0.000000 0.000000 0.000000 0.000000 0.000000 
6
SwedishUp   0.000000 0.428570 0.375000 0.333330 0.333330 0.444440 
SwedishVL   0.428570 0.000000 0.222220 0.285710 0.285710 0.450000 
Swedish     0.375000 0.222220 0.000000 0.250000 0.250000 0.136360 
Danish      0.333330 0.285710 0.250000 0.000000 0.000000 0.388890 
Riksmal     0.333330 0.285710 0.250000 0.000000 0.000000 0.388890 
Icelandic   0.444440 0.450000 0.136360 0.388890 0.388890 0.000000 
6
SwedishUp   0.000000 0.000000 0.000000 0.166670 0.166670 0.214290 
SwedishVL   0.000000 0.000000 0.000000 0.166670 0.166670 0.214290 
Swedish     0.000000 0.000000 0.000000 0.166670 0.166670 0.214290 
Danish      0.166670 0.166670 0.166670 0.000000 0.000000 0.357140 
Riksmal     0.166670 0.166670 0.166670 0.000000 0.000000 0.357140 
Icelandic   0.214290 0.214290 0.214290 0.357140 0.357140 0.000000 
7
SwedishUp   0.000000 0.400000 0.000000 0.000000 0.000000 1.000000 1.000000 
SwedishVL   0.400000 0.000000 0.400000 0.400000 0.400000 1.000000 1.000000 
Swedish     0.000000 0.400000 0.000000 0.000000 0.000000 1.000000 1.000000 
Danish      0.000000 0.400000 0.000000 0.000000 0.000000 1.000000 1.000000 
Riksmal     0.000000 0.400000 0.000000 0.000000 0.000000 1.000000 1.000000 
Icelandic   1.000000 1.000000 1.000000 1.000000 1.000000 0.000000 0.111110 
Faroese     1.000000 1.000000 1.000000 1.000000 1.000000 0.111110 0.000000 
7
SwedishUp   0.000000 0.222220 0.000000 0.375000 0.277780 0.318180 0.291670 
SwedishVL   0.222220 0.000000 0.222220 0.285710 0.250000 0.400000 0.454550 
Swedish     0.000000 0.222220 0.000000 0.375000 0.277780 0.318180 0.291670 
Danish      0.375000 0.285710 0.375000 0.000000 0.142860 0.333330 0.500000 
Riksmal     0.277780 0.250000 0.277780 0.142860 0.000000 0.200000 0.363640 
Icelandic   0.318180 0.400000 0.318180 0.333330 0.200000 0.000000 0.111110 
Faroese     0.291670 0.454550 0.291670 0.500000 0.363640 0.111110 0.000000 
7
SwedishUp   0.000000 0.285710 0.000000 0.250000 0.125000 0.200000 0.200000 
SwedishVL   0.285710 0.000000 0.285710 0.285710 0.285710 0.444440 0.444440 
Swedish     0.000000 0.285710 0.000000 0.250000 0.125000 0.200000 0.200000 
Danish      0.250000 0.285710 0.250000 0.000000 0.125000 0.400000 0.400000 
Riksmal     0.125000 0.285710 0.125000 0.125000 0.000000 0.300000 0.300000 
Icelandic   0.200000 0.444440 0.200000 0.400000 0.300000 0.000000 0.166670 
Faroese     0.200000 0.444440 0.200000 0.400000 0.300000 0.166670 0.000000 
4
Danish      0.000000 0.000000 0.227270 0.200000 
Riksmal     0.000000 0.000000 0.227270 0.200000 
Icelandic   0.227270 0.227270 0.000000 0.090910 
Faroese     0.200000 0.200000 0.090910 0.000000 
7
SwedishUp   0.000000 0.000000 0.000000 0.000000 0.000000 1.000000 1.000000 
SwedishVL   0.000000 0.000000 0.000000 0.000000 0.000000 1.000000 1.000000 
Swedish     0.000000 0.000000 0.000000 0.000000 0.000000 1.000000 1.000000 
Danish      0.000000 0.000000 0.000000 0.000000 0.000000 1.000000 1.000000 
Riksmal     0.000000 0.000000 0.000000 0.000000 0.000000 1.000000 1.000000 
Icelandic   1.000000 1.000000 1.000000 1.000000 1.000000 0.000000 0.200000 
Faroese     1.000000 1.000000 1.000000 1.000000 1.000000 0.200000 0.000000 
7
SwedishUp   0.000000 0.166670 0.000000 0.000000 0.000000 0.375000 0.500000 
SwedishVL   0.166670 0.000000 0.166670 0.166670 0.166670 0.250000 0.400000 
Swedish     0.000000 0.166670 0.000000 0.000000 0.000000 0.375000 0.500000 
Danish      0.000000 0.166670 0.000000 0.000000 0.000000 0.375000 0.500000 
Riksmal     0.000000 0.166670 0.000000 0.000000 0.000000 0.375000 0.500000 
Icelandic   0.375000 0.250000 0.375000 0.375000 0.375000 0.000000 0.333330 
Faroese     0.500000 0.400000 0.500000 0.500000 0.500000 0.333330 0.000000 
7
SwedishUp   0.000000 0.142860 0.000000 0.187500 0.125000 0.000000 0.000000 
SwedishVL   0.142860 0.000000 0.142860 0.214290 0.142860 0.142860 0.142860 
Swedish     0.000000 0.142860 0.000000 0.187500 0.125000 0.000000 0.000000 
Danish      0.187500 0.214290 0.187500 0.000000 0.062500 0.187500 0.187500 
Riksmal     0.125000 0.142860 0.125000 0.062500 0.000000 0.125000 0.125000 
Icelandic   0.000000 0.142860 0.000000 0.187500 0.125000 0.000000 0.000000 
Faroese     0.000000 0.142860 0.000000 0.187500 0.125000 0.000000 0.000000 
7
SwedishUp   0.000000 0.111110 0.000000 0.181820 0.100000 0.000000 0.000000 
SwedishVL   0.111110 0.000000 0.111110 0.200000 0.111110 0.111110 0.111110 
Swedish     0.000000 0.111110 0.000000 0.181820 0.100000 0.000000 0.000000 
Danish      0.181820 0.200000 0.181820 0.000000 0.090910 0.181820 0.181820 
Riksmal     0.100000 0.111110 0.100000 0.090910 0.000000 0.100000 0.100000 
Icelandic   0.000000 0.111110 0.000000 0.181820 0.100000 0.000000 0.000000 
Faroese     0.000000 0.111110 0.000000 0.181820 0.100000 0.000000 0.000000 
6
SwedishUp   0.000000 0.428570 0.000000 0.300000 0.111110 0.111110 
SwedishVL   0.428570 0.000000 0.428570 0.428570 0.333330 0.333330 
Swedish     0.000000 0.428570 0.000000 0.300000 0.111110 0.111110 
Danish      0.300000 0.428570 0.300000 0.000000 0.222220 0.222220 
Icelandic   0.111110 0.333330 0.111110 0.222220 0.000000 0.000000 
Faroese     0.111110 0.333330 0.111110 0.222220 0.000000 0.000000 
7
SwedishUp   0.000000 0.200000 0.000000 0.230770 0.166670 0.083330 0.083330 
SwedishVL   0.200000 0.000000 0.300000 0.363640 0.300000 0.300000 0.300000 
Swedish     0.000000 0.300000 0.000000 0.230770 0.166670 0.083330 0.083330 
Danish      0.230770 0.363640 0.230770 0.000000 0.153850 0.230770 0.230770 
Riksmal     0.166670 0.300000 0.166670 0.153850 0.000000 0.083330 0.083330 
Icelandic   0.083330 0.300000 0.083330 0.230770 0.083330 0.000000 0.000000 
Faroese     0.083330 0.300000 0.083330 0.230770 0.083330 0.000000 0.000000 
7
SwedishUp   0.000000 0.285710 0.000000 0.100000 0.100000 0.111110 0.111110 
SwedishVL   0.285710 0.000000 0.285710 0.357140 0.357140 0.384620 0.384620 
Swedish     0.000000 0.285710 0.000000 0.100000 0.100000 0.111110 0.111110 
Danish      0.100000 0.357140 0.100000 0.000000 0.000000 0.222220 0.222220 
Riksmal     0.100000 0.357140 0.100000 0.000000 0.000000 0.222220 0.222220 
Icelandic   0.111110 0.384620 0.111110 0.222220 0.222220 0.000000 0.000000 
Faroese     0.111110 0.384620 0.111110 0.222220 0.222220 0.000000 0.000000 
7
SwedishUp   0.000000 0.200000 0.000000 1.000000 1.000000 1.000000 1.000000 
SwedishVL   0.200000 0.000000 0.200000 1.000000 1.000000 1.000000 1.000000 
Swedish     0.000000 0.200000 0.000000 1.000000 1.000000 1.000000 1.000000 
Danish      1.000000 1.000000 1.000000 0.000000 0.090910 0.272730 0.272730 
Riksmal     1.000000 1.000000 1.000000 0.090910 0.000000 0.200000 0.200000 
Icelandic   1.000000 1.000000 1.000000 0.272730 0.200000 0.000000 0.000000 
Faroese     1.000000 1.000000 1.000000 0.272730 0.200000 0.000000 0.000000 
7
SwedishUp   0.000000 0.555555 0.500000 0.590910 0.625000 0.550000 0.550000 
SwedishVL   0.555555 0.000000 0.111110 0.300000 0.363640 0.222220 0.222220 
Swedish     0.500000 0.111110 0.000000 0.181820 0.250000 0.100000 0.100000 
Danish      0.590910 0.300000 0.181820 0.000000 0.076920 0.181820 0.181820 
Riksmal     0.625000 0.363640 0.250000 0.076920 0.000000 0.250000 0.250000 
Icelandic   0.550000 0.222220 0.100000 0.181820 0.250000 0.000000 0.000000 
Faroese     0.550000 0.222220 0.100000 0.181820 0.250000 0.000000 0.000000 
7
SwedishUp   0.000000 0.000000 0.000000 0.000000 0.000000 0.571430 0.555560 
SwedishVL   0.000000 0.000000 0.000000 0.000000 0.000000 0.571430 0.555560 
Swedish     0.000000 0.000000 0.000000 0.000000 0.000000 0.571430 0.555560 
Danish      0.000000 0.000000 0.000000 0.000000 0.000000 0.571430 0.555560 
Riksmal     0.000000 0.000000 0.000000 0.000000 0.000000 0.571430 0.555560 
Icelandic   0.571430 0.571430 0.571430 0.571430 0.571430 0.000000 0.250000 
Faroese     0.555560 0.555560 0.555560 0.555560 0.555560 0.250000 0.000000 
7
SwedishUp   0.000000 0.000000 0.000000 0.100000 0.100000 0.050000 0.000000 
SwedishVL   0.000000 0.000000 0.000000 0.100000 0.100000 0.050000 0.000000 
Swedish     0.000000 0.000000 0.000000 0.100000 0.100000 0.050000 0.000000 
Danish      0.100000 0.100000 0.100000 0.000000 0.000000 0.150000 0.100000 
Riksmal     0.100000 0.100000 0.100000 0.000000 0.000000 0.150000 0.100000 
Icelandic   0.050000 0.050000 0.050000 0.150000 0.150000 0.000000 0.050000 
Faroese     0.000000 0.000000 0.000000 0.100000 0.100000 0.050000 0.000000 
7
SwedishUp   0.000000 0.300000 0.000000 0.125000 0.125000 0.125000 0.125000 
SwedishVL   0.300000 0.000000 0.300000 0.300000 0.300000 0.200000 0.200000 
Swedish     0.000000 0.300000 0.000000 0.125000 0.125000 0.125000 0.125000 
Danish      0.125000 0.300000 0.125000 0.000000 0.000000 0.166670 0.166670 
Riksmal     0.125000 0.300000 0.125000 0.000000 0.000000 0.166670 0.166670 
Icelandic   0.125000 0.200000 0.125000 0.166670 0.166670 0.000000 0.000000 
Faroese     0.125000 0.200000 0.125000 0.166670 0.166670 0.000000 0.000000 
5
SwedishUp   0.000000 0.400000 0.000000 0.166670 0.166670 
SwedishVL   0.400000 0.000000 0.400000 0.400000 0.400000 
Swedish     0.000000 0.400000 0.000000 0.166670 0.166670 
Icelandic   0.166670 0.400000 0.166670 0.000000 0.000000 
Faroese     0.166670 0.400000 0.166670 0.000000 0.000000 
7
SwedishUp   0.000000 0.250000 0.000000 0.200000 0.100000 0.000000 0.000000 
SwedishVL   0.250000 0.000000 0.250000 0.250000 0.250000 0.250000 0.250000 
Swedish     0.000000 0.250000 0.000000 0.200000 0.100000 0.000000 0.000000 
Danish      0.200000 0.250000 0.200000 0.000000 0.100000 0.200000 0.200000 
Riksmal     0.100000 0.250000 0.100000 0.100000 0.000000 0.100000 0.100000 
Icelandic   0.000000 0.250000 0.000000 0.200000 0.100000 0.000000 0.000000 
Faroese     0.000000 0.250000 0.000000 0.200000 0.100000 0.000000 0.000000 
7
SwedishUp   0.000000 1.000000 1.000000 1.000000 0.304350 0.240000 0.166670 
SwedishVL   1.000000 0.000000 0.416670 0.272730 1.000000 1.000000 1.000000 
Swedish     1.000000 0.416670 0.000000 0.384620 1.000000 1.000000 1.000000 
Danish      1.000000 0.272730 0.384620 0.000000 1.000000 1.000000 1.000000 
Riksmal     0.304350 1.000000 1.000000 1.000000 0.000000 0.227270 0.238100 
Icelandic   0.240000 1.000000 1.000000 1.000000 0.227270 0.000000 0.130430 
Faroese     0.166670 1.000000 1.000000 1.000000 0.238100 0.130430 0.000000 
4
SwedishUp   0.000000 0.642855 0.500000 0.590910 
SwedishVL   0.642855 0.000000 0.285710 0.333330 
Riksmal     0.500000 0.285710 0.000000 0.181820 
Faroese     0.590910 0.333330 0.181820 0.000000 
7
SwedishUp   0.000000 0.111110 0.000000 0.150000 0.100000 0.181820 0.100000 
SwedishVL   0.111110 0.000000 0.111110 0.166670 0.111110 0.300000 0.222220 
Swedish     0.000000 0.111110 0.000000 0.150000 0.100000 0.181820 0.100000 
Danish      0.150000 0.166670 0.150000 0.000000 0.050000 0.318180 0.250000 
Riksmal     0.100000 0.111110 0.100000 0.050000 0.000000 0.272730 0.200000 
Icelandic   0.181820 0.300000 0.181820 0.318180 0.272730 0.000000 0.090910 
Faroese     0.100000 0.222220 0.100000 0.250000 0.200000 0.090910 0.000000 
7
SwedishUp   0.000000 0.180555 0.000000 0.575000 0.600000 0.550000 0.550000 
SwedishVL   0.180555 0.000000 0.180555 0.583335 0.687500 0.687500 0.687500 
Swedish     0.000000 0.180555 0.000000 0.575000 0.600000 0.550000 0.550000 
Danish      0.575000 0.583335 0.575000 0.000000 1.000000 1.000000 1.000000 
Riksmal     0.600000 0.687500 0.600000 1.000000 0.000000 0.100000 0.100000 
Icelandic   0.550000 0.687500 0.550000 1.000000 0.100000 0.000000 0.000000 
Faroese     0.550000 0.687500 0.550000 1.000000 0.100000 0.000000 0.000000 
7
SwedishUp   0.000000 0.111110 0.000000 0.200000 0.250000 0.181820 0.181820 
SwedishVL   0.111110 0.000000 0.111110 0.222220 0.142860 0.300000 0.300000 
Swedish     0.000000 0.111110 0.000000 0.200000 0.250000 0.181820 0.181820 
Danish      0.200000 0.222220 0.200000 0.000000 0.250000 0.363640 0.272730 
Riksmal     0.250000 0.142860 0.250000 0.250000 0.000000 0.444440 0.444440 
Icelandic   0.181820 0.300000 0.181820 0.363640 0.444440 0.000000 0.166670 
Faroese     0.181820 0.300000 0.181820 0.272730 0.444440 0.166670 0.000000 
7
SwedishUp   0.000000 0.111110 0.000000 0.100000 0.100000 0.181820 0.090910 
SwedishVL   0.111110 0.000000 0.111110 0.111110 0.111110 0.300000 0.200000 
Swedish     0.000000 0.111110 0.000000 0.100000 0.100000 0.181820 0.090910 
Danish      0.100000 0.111110 0.100000 0.000000 0.000000 0.272730 0.181820 
Riksmal     0.100000 0.111110 0.100000 0.000000 0.000000 0.272730 0.181820 
Icelandic   0.181820 0.300000 0.181820 0.272730 0.272730 0.000000 0.250000 
Faroese     0.090910 0.200000 0.090910 0.181820 0.181820 0.250000 0.000000 
7
SwedishUp   0.000000 0.250000 0.000000 0.125000 0.250000 0.187500 0.125000 
SwedishVL   0.250000 0.000000 0.666670 0.500000 0.500000 0.500000 0.500000 
Swedish     0.000000 0.666670 0.000000 0.125000 0.333330 0.187500 0.125000 
Danish      0.125000 0.500000 0.125000 0.000000 0.333330 0.312500 0.250000 
Riksmal     0.250000 0.500000 0.333330 0.333330 0.000000 0.500000 0.500000 
Icelandic   0.187500 0.500000 0.187500 0.312500 0.500000 0.000000 0.062500 
Faroese     0.125000 0.500000 0.125000 0.250000 0.500000 0.062500 0.000000 
7
SwedishUp   0.000000 0.142860 0.000000 0.125000 0.125000 0.222220 0.111110 
SwedishVL   0.142860 0.000000 0.142860 0.142860 0.142860 0.375000 0.250000 
Swedish     0.000000 0.142860 0.000000 0.125000 0.125000 0.222220 0.111110 
Danish      0.125000 0.142860 0.125000 0.000000 0.000000 0.333330 0.222220 
Riksmal     0.125000 0.142860 0.125000 0.000000 0.000000 0.333330 0.222220 
Icelandic   0.222220 0.375000 0.222220 0.333330 0.333330 0.000000 0.100000 
Faroese     0.111110 0.250000 0.111110 0.222220 0.222220 0.100000 0.000000 
7
SwedishUp   0.000000 1.000000 1.000000 0.576925 1.000000 1.000000 1.000000 
SwedishVL   1.000000 0.000000 0.700000 1.000000 0.700000 0.400000 0.272730 
Swedish     1.000000 0.700000 0.000000 0.700000 0.050000 0.500000 0.571430 
Danish      0.576925 1.000000 0.700000 0.000000 0.666667 1.000000 1.000000 
Riksmal     1.000000 0.700000 0.050000 0.666667 0.000000 0.500000 0.571430 
Icelandic   1.000000 0.400000 0.500000 1.000000 0.500000 0.000000 0.142860 
Faroese     1.000000 0.272730 0.571430 1.000000 0.571430 0.142860 0.000000 
7
SwedishUp   0.000000 0.333330 0.333330 0.300000 0.300000 0.100000 0.100000 
SwedishVL   0.333330 0.000000 0.352940 0.416670 0.416670 0.333330 0.333330 
Swedish     0.333330 0.352940 0.000000 0.533330 0.533330 0.400000 0.400000 
Danish      0.300000 0.416670 0.533330 0.000000 0.000000 0.200000 0.200000 
Riksmal     0.300000 0.416670 0.533330 0.000000 0.000000 0.200000 0.200000 
Icelandic   0.100000 0.333330 0.400000 0.200000 0.200000 0.000000 0.000000 
Faroese     0.100000 0.333330 0.400000 0.200000 0.200000 0.000000 0.000000 
5
SwedishUp   0.000000 0.384620 0.000000 0.125000 0.571430 
SwedishVL   0.384620 0.000000 0.384620 0.461540 0.263160 
Swedish     0.000000 0.384620 0.000000 0.125000 0.571430 
Danish      0.125000 0.461540 0.125000 0.000000 0.571430 
Riksmal     0.571430 0.263160 0.571430 0.571430 0.000000 
5
Swedish     0.000000 0.636365 0.600000 0.550000 0.550000 
Danish      0.636365 0.000000 0.181820 0.272730 0.272730 
Riksmal     0.600000 0.181820 0.000000 0.100000 0.100000 
Icelandic   0.550000 0.272730 0.100000 0.000000 0.000000 
Faroese     0.550000 0.272730 0.100000 0.000000 0.000000 
7
SwedishUp   0.000000 0.000000 0.000000 0.312500 0.250000 0.125000 0.125000 
SwedishVL   0.000000 0.000000 0.000000 0.312500 0.250000 0.125000 0.125000 
Swedish     0.000000 0.000000 0.000000 0.312500 0.250000 0.125000 0.125000 
Danish      0.312500 0.312500 0.312500 0.000000 0.062500 0.187500 0.187500 
Riksmal     0.250000 0.250000 0.250000 0.062500 0.000000 0.125000 0.125000 
Icelandic   0.125000 0.125000 0.125000 0.187500 0.125000 0.000000 0.000000 
Faroese     0.125000 0.125000 0.125000 0.187500 0.125000 0.000000 0.000000 
4
Danish      0.000000 0.000000 0.500000 0.333330 
Riksmal     0.000000 0.000000 0.500000 0.333330 
Icelandic   0.500000 0.500000 0.000000 0.200000 
Faroese     0.333330 0.333330 0.200000 0.000000 
7
SwedishUp   0.000000 0.111110 0.000000 0.100000 0.100000 0.090910 0.090910 
SwedishVL   0.111110 0.000000 0.111110 0.222220 0.222220 0.200000 0.200000 
Swedish     0.000000 0.111110 0.000000 0.100000 0.100000 0.090910 0.090910 
Danish      0.100000 0.222220 0.100000 0.000000 0.000000 0.181820 0.181820 
Riksmal     0.100000 0.222220 0.100000 0.000000 0.000000 0.181820 0.181820 
Icelandic   0.090910 0.200000 0.090910 0.181820 0.181820 0.000000 0.000000 
Faroese     0.090910 0.200000 0.090910 0.181820 0.181820 0.000000 0.000000 
7
SwedishUp   0.000000 0.000000 0.000000 0.125000 0.125000 0.187500 0.125000 
SwedishVL   0.000000 0.000000 0.000000 0.125000 0.125000 0.187500 0.125000 
Swedish     0.000000 0.000000 0.000000 0.125000 0.125000 0.187500 0.125000 
Danish      0.125000 0.125000 0.125000 0.000000 0.000000 0.312500 0.250000 
Riksmal     0.125000 0.125000 0.125000 0.000000 0.000000 0.312500 0.250000 
Icelandic   0.187500 0.187500 0.187500 0.312500 0.312500 0.000000 0.062500 
Faroese     0.125000 0.125000 0.125000 0.250000 0.250000 0.062500 0.000000 
7
SwedishUp   0.000000 0.100000 0.000000 0.100000 0.100000 0.000000 0.000000 
SwedishVL   0.100000 0.000000 0.100000 0.200000 0.200000 0.100000 0.100000 
Swedish     0.000000 0.100000 0.000000 0.100000 0.100000 0.000000 0.000000 
Danish      0.100000 0.200000 0.100000 0.000000 0.000000 0.100000 0.100000 
Riksmal     0.100000 0.200000 0.100000 0.000000 0.000000 0.100000 0.100000 
Icelandic   0.000000 0.100000 0.000000 0.100000 0.100000 0.000000 0.000000 
Faroese     0.000000 0.100000 0.000000 0.100000 0.100000 0.000000 0.000000 
7
SwedishUp   0.000000 0.066670 0.000000 0.000000 0.125000 0.250000 0.250000 
SwedishVL   0.066670 0.000000 0.142860 0.142860 0.142860 0.285710 0.285710 
Swedish     0.000000 0.142860 0.000000 0.000000 0.125000 0.250000 0.250000 
Danish      0.000000 0.142860 0.000000 0.000000 0.125000 0.250000 0.250000 
Riksmal     0.125000 0.142860 0.125000 0.125000 0.000000 0.125000 0.125000 
Icelandic   0.250000 0.285710 0.250000 0.250000 0.125000 0.000000 0.000000 
Faroese     0.250000 0.285710 0.250000 0.250000 0.125000 0.000000 0.000000 
7
SwedishUp   0.000000 0.571430 0.500000 0.250000 0.125000 0.384620 0.111110 
SwedishVL   0.571430 0.000000 0.071430 0.642855 0.571430 0.750000 0.625000 
Swedish     0.500000 0.071430 0.000000 0.625000 0.562500 0.692310 0.555555 
Danish      0.250000 0.642855 0.625000 0.000000 0.125000 0.461540 0.333330 
Riksmal     0.125000 0.571430 0.562500 0.125000 0.000000 0.384620 0.222220 
Icelandic   0.384620 0.750000 0.692310 0.461540 0.384620 0.000000 0.285710 
Faroese     0.111110 0.625000 0.555555 0.333330 0.222220 0.285710 0.000000 
7
SwedishUp   0.000000 0.000000 0.250000 0.450000 0.500000 0.250000 0.357140 
SwedishVL   0.000000 0.000000 0.250000 0.450000 0.500000 0.250000 0.357140 
Swedish     0.250000 0.250000 0.000000 0.375000 0.409090 0.000000 0.277780 
Danish      0.450000 0.450000 0.375000 0.000000 0.076920 0.375000 0.545450 
Riksmal     0.500000 0.500000 0.409090 0.076920 0.000000 0.409090 0.500000 
Icelandic   0.250000 0.250000 0.000000 0.375000 0.409090 0.000000 0.277780 
Faroese     0.357140 0.357140 0.277780 0.545450 0.500000 0.277780 0.000000 
3
SwedishVL   0.000000 0.333330 0.333330 
Swedish     0.333330 0.000000 0.150000 
Danish      0.333330 0.150000 0.000000 
7
SwedishUp   0.000000 0.300000 0.000000 0.111110 0.100000 0.100000 0.000000 
SwedishVL   0.300000 0.000000 0.300000 0.222220 0.300000 0.300000 0.300000 
Swedish     0.000000 0.300000 0.000000 0.111110 0.100000 0.100000 0.000000 
Danish      0.111110 0.222220 0.111110 0.000000 0.111110 0.222220 0.111110 
Riksmal     0.100000 0.300000 0.100000 0.111110 0.000000 0.200000 0.100000 
Icelandic   0.100000 0.300000 0.100000 0.222220 0.200000 0.000000 0.100000 
Faroese     0.000000 0.300000 0.000000 0.111110 0.100000 0.100000 0.000000 
7
SwedishUp   0.000000 0.125000 0.000000 0.175000 0.375000 0.611110 0.576925 
SwedishVL   0.125000 0.000000 0.125000 0.250000 0.250000 0.611110 0.681820 
Swedish     0.000000 0.125000 0.000000 0.175000 0.375000 0.611110 0.576925 
Danish      0.175000 0.250000 0.175000 0.000000 0.291665 0.666665 0.666665 
Riksmal     0.375000 0.250000 0.375000 0.291665 0.000000 0.785715 0.700000 
Icelandic   0.611110 0.611110 0.611110 0.666665 0.785715 0.000000 1.000000 
Faroese     0.576925 0.681820 0.576925 0.666665 0.700000 1.000000 0.000000 
7
SwedishUp   0.000000 0.250000 0.000000 1.000000 0.250000 0.100000 0.100000 
SwedishVL   0.250000 0.000000 0.250000 1.000000 0.166670 0.250000 0.250000 
Swedish     0.000000 0.250000 0.000000 1.000000 0.250000 0.100000 0.100000 
Danish      1.000000 1.000000 1.000000 0.000000 1.000000 1.000000 1.000000 
Riksmal     0.250000 0.166670 0.250000 1.000000 0.000000 0.250000 0.250000 
Icelandic   0.100000 0.250000 0.100000 1.000000 0.250000 0.000000 0.000000 
Faroese     0.100000 0.250000 0.100000 1.000000 0.250000 0.000000 0.000000 
7
SwedishUp   0.000000 0.000000 0.000000 0.000000 0.000000 0.200000 0.500000 
SwedishVL   0.000000 0.000000 0.250000 0.250000 0.250000 0.400000 0.500000 
Swedish     0.000000 0.250000 0.000000 0.000000 0.000000 0.200000 0.625000 
Danish      0.000000 0.250000 0.000000 0.000000 0.000000 0.200000 0.625000 
Riksmal     0.000000 0.250000 0.000000 0.000000 0.000000 0.200000 0.625000 
Icelandic   0.200000 0.400000 0.200000 0.200000 0.200000 0.000000 0.333330 
Faroese     0.500000 0.500000 0.625000 0.625000 0.625000 0.333330 0.000000 
7
SwedishUp   0.000000 0.150000 0.000000 0.136365 0.136365 0.225000 0.225000 
SwedishVL   0.150000 0.000000 0.150000 0.111110 0.111110 0.337500 0.337500 
Swedish     0.000000 0.150000 0.000000 0.136365 0.136365 0.410715 0.339285 
Danish      0.136365 0.111110 0.136365 0.000000 0.000000 0.376625 0.305195 
Riksmal     0.136365 0.111110 0.136365 0.000000 0.000000 0.376625 0.305195 
Icelandic   0.225000 0.337500 0.410715 0.376625 0.376625 0.000000 0.100000 
Faroese     0.225000 0.337500 0.339285 0.305195 0.305195 0.100000 0.000000 
7
SwedishUp   0.000000 0.111110 0.000000 0.200000 0.100000 0.100000 0.111110 
SwedishVL   0.111110 0.000000 0.111110 0.277780 0.222220 0.111110 0.000000 
Swedish     0.000000 0.111110 0.000000 0.200000 0.100000 0.100000 0.111110 
Danish      0.200000 0.277780 0.200000 0.000000 0.100000 0.250000 0.277780 
Riksmal     0.100000 0.222220 0.100000 0.100000 0.000000 0.200000 0.222220 
Icelandic   0.100000 0.111110 0.100000 0.250000 0.200000 0.000000 0.111110 
Faroese     0.111110 0.000000 0.111110 0.277780 0.222220 0.111110 0.000000 
7
SwedishUp   0.000000 0.118055 0.000000 0.162500 0.112500 0.531250 0.500000 
SwedishVL   0.118055 0.000000 0.118055 0.236110 0.180555 0.593750 0.562500 
Swedish     0.000000 0.118055 0.000000 0.162500 0.112500 0.531250 0.500000 
Danish      0.162500 0.236110 0.162500 0.000000 0.050000 0.593750 0.562500 
Riksmal     0.112500 0.180555 0.112500 0.050000 0.000000 0.593750 0.562500 
Icelandic   0.531250 0.593750 0.531250 0.593750 0.593750 0.000000 0.062500 
Faroese     0.500000 0.562500 0.500000 0.562500 0.562500 0.062500 0.000000 
7
SwedishUp   0.000000 0.155555 0.766667 0.183335 0.183335 0.204545 0.181820 
SwedishVL   0.155555 0.000000 0.708333 0.261110 0.261110 0.286110 0.261110 
Swedish     0.766667 0.708333 0.000000 0.766667 0.766667 0.740740 0.740740 
Danish      0.183335 0.261110 0.766667 0.000000 0.000000 0.250000 0.227275 
Riksmal     0.183335 0.261110 0.766667 0.000000 0.000000 0.250000 0.227275 
Icelandic   0.204545 0.286110 0.740740 0.250000 0.250000 0.000000 0.104165 
Faroese     0.181820 0.261110 0.740740 0.227275 0.227275 0.104165 0.000000 
4
SwedishUp   0.000000 0.200000 0.000000 0.166670 
SwedishVL   0.200000 0.000000 0.200000 0.300000 
Swedish     0.000000 0.200000 0.000000 0.166670 
Riksmal     0.166670 0.300000 0.166670 0.000000 
5
SwedishUp   0.000000 0.125000 0.125000 0.166670 0.166670 
Danish      0.125000 0.000000 0.000000 0.250000 0.250000 
Riksmal     0.125000 0.000000 0.000000 0.250000 0.250000 
Icelandic   0.166670 0.250000 0.250000 0.000000 0.000000 
Faroese     0.166670 0.250000 0.250000 0.000000 0.000000 
7
SwedishUp   0.000000 0.000000 0.000000 0.142860 0.000000 0.333330 0.333330 
SwedishVL   0.000000 0.000000 0.000000 0.142860 0.000000 0.333330 0.333330 
Swedish     0.000000 0.000000 0.000000 0.142860 0.000000 0.333330 0.333330 
Danish      0.142860 0.142860 0.142860 0.000000 0.142860 0.200000 0.200000 
Riksmal     0.000000 0.000000 0.000000 0.142860 0.000000 0.333330 0.333330 
Icelandic   0.333330 0.333330 0.333330 0.200000 0.333330 0.000000 0.000000 
Faroese     0.333330 0.333330 0.333330 0.200000 0.333330 0.000000 0.000000 
7
SwedishUp   0.000000 0.171430 0.261365 0.177885 0.666665 0.555555 0.555555 
SwedishVL   0.171430 0.000000 0.414285 0.221430 0.600000 0.625000 0.625000 
Swedish     0.261365 0.414285 0.000000 0.400570 0.777780 0.666665 0.625000 
Danish      0.177885 0.221430 0.400570 0.000000 0.666665 0.611110 0.611110 
Riksmal     0.666665 0.600000 0.777780 0.666665 0.000000 0.428570 0.428570 
Icelandic   0.555555 0.625000 0.666665 0.611110 0.428570 0.000000 0.200000 
Faroese     0.555555 0.625000 0.625000 0.611110 0.428570 0.200000 0.000000 
6
SwedishUp   0.000000 0.308335 0.000000 0.227275 0.236365 0.590910 
SwedishVL   0.308335 0.000000 0.308335 0.328675 0.342310 0.730770 
Swedish     0.000000 0.308335 0.000000 0.227275 0.236365 0.590910 
Danish      0.227275 0.328675 0.227275 0.000000 0.045455 0.625000 
Riksmal     0.236365 0.342310 0.236365 0.045455 0.000000 0.625000 
Faroese     0.590910 0.730770 0.590910 0.625000 0.625000 0.000000 
7
SwedishUp   0.000000 0.111110 0.000000 0.100000 0.100000 0.000000 0.000000 
SwedishVL   0.111110 0.000000 0.111110 0.111110 0.111110 0.111110 0.111110 
Swedish     0.000000 0.111110 0.000000 0.100000 0.100000 0.000000 0.000000 
Danish      0.100000 0.111110 0.100000 0.000000 0.000000 0.100000 0.100000 
Riksmal     0.100000 0.111110 0.100000 0.000000 0.000000 0.100000 0.100000 
Icelandic   0.000000 0.111110 0.000000 0.100000 0.100000 0.000000 0.000000 
Faroese     0.000000 0.111110 0.000000 0.100000 0.100000 0.000000 0.000000 
7
SwedishUp   0.000000 0.250000 0.000000 0.100000 0.100000 0.000000 0.000000 
SwedishVL   0.250000 0.000000 0.250000 0.250000 0.250000 0.250000 0.250000 
Swedish     0.000000 0.250000 0.000000 0.100000 0.100000 0.000000 0.000000 
Danish      0.100000 0.250000 0.100000 0.000000 0.000000 0.100000 0.100000 
Riksmal     0.100000 0.250000 0.100000 0.000000 0.000000 0.100000 0.100000 
Icelandic   0.000000 0.250000 0.000000 0.100000 0.100000 0.000000 0.000000 
Faroese     0.000000 0.250000 0.000000 0.100000 0.100000 0.000000 0.000000 
7
SwedishUp   0.000000 0.800000 0.300000 0.238100 1.000000 1.000000 1.000000 
SwedishVL   0.800000 0.000000 0.727275 0.791665 0.583335 0.642855 0.722220 
Swedish     0.300000 0.727275 0.000000 0.294120 1.000000 1.000000 1.000000 
Danish      0.238100 0.791665 0.294120 0.000000 1.000000 1.000000 1.000000 
Riksmal     1.000000 0.583335 1.000000 1.000000 0.000000 0.142860 0.333330 
Icelandic   1.000000 0.642855 1.000000 1.000000 0.142860 0.000000 0.200000 
Faroese     1.000000 0.722220 1.000000 1.000000 0.333330 0.200000 0.000000 
7
SwedishUp   0.000000 0.500000 0.500000 0.158825 0.027780 0.242065 0.714285 
SwedishVL   0.500000 0.000000 0.857145 0.600000 0.500000 0.714285 0.428570 
Swedish     0.500000 0.857145 0.000000 0.487180 0.535715 0.436975 0.794120 
Danish      0.158825 0.600000 0.487180 0.000000 0.129410 0.213235 0.625000 
Riksmal     0.027780 0.500000 0.535715 0.129410 0.000000 0.269840 0.714285 
Icelandic   0.242065 0.714285 0.436975 0.213235 0.269840 0.000000 0.500000 
Faroese     0.714285 0.428570 0.794120 0.625000 0.714285 0.500000 0.000000 
7
SwedishUp   0.000000 0.191920 0.000000 0.733333 0.700000 0.375000 0.150000 
SwedishVL   0.191920 0.000000 0.191920 0.740740 0.703703 0.348485 0.222220 
Swedish     0.000000 0.191920 0.000000 0.733333 0.700000 0.375000 0.150000 
Danish      0.733333 0.740740 0.733333 0.000000 0.050000 0.777777 0.766667 
Riksmal     0.700000 0.703703 0.700000 0.050000 0.000000 0.777777 0.733333 
Icelandic   0.375000 0.348485 0.375000 0.777777 0.777777 0.000000 0.270835 
Faroese     0.150000 0.222220 0.150000 0.766667 0.733333 0.270835 0.000000 
7
SwedishUp   0.000000 0.000000 0.142860 0.142860 0.166670 0.166670 0.142860 
SwedishVL   0.000000 0.000000 0.142860 0.142860 0.000000 0.000000 0.142860 
Swedish     0.142860 0.142860 0.000000 0.125000 0.285710 0.285710 0.125000 
Danish      0.142860 0.142860 0.125000 0.000000 0.142860 0.142860 0.000000 
Riksmal     0.166670 0.000000 0.285710 0.142860 0.000000 0.000000 0.142860 
Icelandic   0.166670 0.000000 0.285710 0.142860 0.000000 0.000000 0.142860 
Faroese     0.142860 0.142860 0.125000 0.000000 0.142860 0.142860 0.000000 
7
SwedishUp   0.000000 0.142860 0.000000 0.400000 0.400000 0.375000 0.375000 
SwedishVL   0.142860 0.000000 0.142860 0.500000 0.500000 0.444440 0.444440 
Swedish     0.000000 0.142860 0.000000 0.400000 0.400000 0.375000 0.375000 
Danish      0.400000 0.500000 0.400000 0.000000 0.000000 0.571430 0.571430 
Riksmal     0.400000 0.500000 0.400000 0.000000 0.000000 0.571430 0.571430 
Icelandic   0.375000 0.444440 0.375000 0.571430 0.571430 0.000000 0.000000 
Faroese     0.375000 0.444440 0.375000 0.571430 0.571430 0.000000 0.000000 
5
SwedishUp   0.000000 0.000000 0.000000 0.000000 0.000000 
SwedishVL   0.000000 0.000000 0.000000 0.000000 0.000000 
Swedish     0.000000 0.000000 0.000000 0.000000 0.000000 
Danish      0.000000 0.000000 0.000000 0.000000 0.000000 
Riksmal     0.000000 0.000000 0.000000 0.000000 0.000000 
7
SwedishUp   0.000000 0.200000 0.000000 0.350000 0.300000 0.200000 0.200000 
SwedishVL   0.200000 0.000000 0.200000 0.250000 0.125000 0.000000 0.000000 
Swedish     0.000000 0.200000 0.000000 0.350000 0.300000 0.200000 0.200000 
Danish      0.350000 0.250000 0.350000 0.000000 0.125000 0.250000 0.250000 
Riksmal     0.300000 0.125000 0.300000 0.125000 0.000000 0.125000 0.125000 
Icelandic   0.200000 0.000000 0.200000 0.250000 0.125000 0.000000 0.000000 
Faroese     0.200000 0.000000 0.200000 0.250000 0.125000 0.000000 0.000000 
7
SwedishUp   0.000000 0.000000 0.000000 0.000000 0.000000 0.200000 0.200000 
SwedishVL   0.000000 0.000000 0.000000 0.000000 0.000000 0.200000 0.200000 
Swedish     0.000000 0.000000 0.000000 0.000000 0.000000 0.200000 0.200000 
Danish      0.000000 0.000000 0.000000 0.000000 0.000000 0.200000 0.200000 
Riksmal     0.000000 0.000000 0.000000 0.000000 0.000000 0.200000 0.200000 
Icelandic   0.200000 0.200000 0.200000 0.200000 0.200000 0.000000 0.166670 
Faroese     0.200000 0.200000 0.200000 0.200000 0.200000 0.166670 0.000000 
7
SwedishUp   0.000000 0.400000 0.000000 0.214290 0.000000 0.375000 0.250000 
SwedishVL   0.400000 0.000000 0.400000 0.409090 0.400000 0.333330 0.416670 
Swedish     0.000000 0.400000 0.000000 0.214290 0.000000 0.375000 0.250000 
Danish      0.214290 0.409090 0.214290 0.000000 0.214290 0.444440 0.333330 
Riksmal     0.000000 0.400000 0.000000 0.214290 0.000000 0.375000 0.250000 
Icelandic   0.375000 0.333330 0.375000 0.444440 0.375000 0.000000 0.100000 
Faroese     0.250000 0.416670 0.250000 0.333330 0.250000 0.100000 0.000000 
7
SwedishUp   0.000000 0.000000 0.000000 0.142860 0.142860 0.285710 0.214290 
SwedishVL   0.000000 0.000000 0.200000 0.333330 0.333330 0.333330 0.333330 
Swedish     0.000000 0.200000 0.000000 0.142860 0.142860 0.285710 0.214290 
Danish      0.142860 0.333330 0.142860 0.000000 0.000000 0.125000 0.062500 
Riksmal     0.142860 0.333330 0.142860 0.000000 0.000000 0.125000 0.062500 
Icelandic   0.285710 0.333330 0.285710 0.125000 0.125000 0.000000 0.125000 
Faroese     0.214290 0.333330 0.214290 0.062500 0.062500 0.125000 0.000000 
7
SwedishUp   0.000000 0.000000 0.000000 0.142860 0.000000 0.400000 0.142860 
SwedishVL   0.000000 0.000000 0.000000 0.142860 0.000000 0.400000 0.142860 
Swedish     0.000000 0.000000 0.000000 0.142860 0.000000 0.400000 0.142860 
Danish      0.142860 0.142860 0.142860 0.000000 0.142860 0.200000 0.125000 
Riksmal     0.000000 0.000000 0.000000 0.142860 0.000000 0.400000 0.142860 
Icelandic   0.400000 0.400000 0.400000 0.200000 0.400000 0.000000 0.272730 
Faroese     0.142860 0.142860 0.142860 0.125000 0.142860 0.272730 0.000000 
7
SwedishUp   0.000000 0.166670 0.000000 0.285710 0.285710 0.142860 0.142860 
SwedishVL   0.166670 0.000000 0.166670 0.428570 0.428570 0.285710 0.285710 
Swedish     0.000000 0.166670 0.000000 0.285710 0.285710 0.142860 0.142860 
Danish      0.285710 0.428570 0.285710 0.000000 0.000000 0.125000 0.125000 
Riksmal     0.285710 0.428570 0.285710 0.000000 0.000000 0.125000 0.125000 
Icelandic   0.142860 0.285710 0.142860 0.125000 0.125000 0.000000 0.000000 
Faroese     0.142860 0.285710 0.142860 0.125000 0.125000 0.000000 0.000000 
7
SwedishUp   0.000000 0.000000 0.000000 0.214290 0.142860 0.250000 0.333330 
SwedishVL   0.000000 0.000000 0.000000 0.214290 0.142860 0.250000 0.333330 
Swedish     0.000000 0.000000 0.000000 0.214290 0.142860 0.250000 0.333330 
Danish      0.214290 0.214290 0.214290 0.000000 0.062500 0.166670 0.250000 
Riksmal     0.142860 0.142860 0.142860 0.062500 0.000000 0.111110 0.200000 
Icelandic   0.250000 0.250000 0.250000 0.166670 0.111110 0.000000 0.090910 
Faroese     0.333330 0.333330 0.333330 0.250000 0.200000 0.090910 0.000000 
7
SwedishUp   0.000000 0.166670 0.000000 0.142860 0.142860 0.285710 0.428570 
SwedishVL   0.166670 0.000000 0.166670 0.285710 0.285710 0.428570 0.428570 
Swedish     0.000000 0.166670 0.000000 0.142860 0.142860 0.285710 0.428570 
Danish      0.142860 0.285710 0.142860 0.000000 0.000000 0.125000 0.250000 
Riksmal     0.142860 0.285710 0.142860 0.000000 0.000000 0.125000 0.250000 
Icelandic   0.285710 0.428570 0.285710 0.125000 0.125000 0.000000 0.125000 
Faroese     0.428570 0.428570 0.428570 0.250000 0.250000 0.125000 0.000000 
7
SwedishUp   0.000000 0.171430 0.500000 0.500000 0.000000 0.292855 0.261365 
SwedishVL   0.171430 0.000000 0.600000 0.571430 0.171430 0.333330 0.414285 
Swedish     0.500000 0.600000 0.000000 1.000000 0.500000 0.642855 0.625000 
Danish      0.500000 0.571430 1.000000 0.000000 0.500000 0.650000 0.636365 
Riksmal     0.000000 0.171430 0.500000 0.500000 0.000000 0.292855 0.261365 
Icelandic   0.292855 0.333330 0.642855 0.650000 0.292855 0.000000 0.188035 
Faroese     0.261365 0.414285 0.625000 0.636365 0.261365 0.188035 0.000000 
6
SwedishUp   0.000000 0.500000 1.000000 1.000000 1.000000 1.000000 
Swedish     0.500000 0.000000 1.000000 1.000000 1.000000 1.000000 
Danish      1.000000 1.000000 0.000000 0.000000 0.125000 0.125000 
Riksmal     1.000000 1.000000 0.000000 0.000000 0.125000 0.125000 
Icelandic   1.000000 1.000000 0.125000 0.125000 0.000000 0.000000 
Faroese     1.000000 1.000000 0.125000 0.125000 0.000000 0.000000 
7
SwedishUp   0.000000 1.000000 0.500000 0.000000 0.000000 0.111110 0.200000 
SwedishVL   1.000000 0.000000 0.500000 1.000000 1.000000 1.000000 1.000000 
Swedish     0.500000 0.500000 0.000000 0.500000 0.500000 0.555555 0.600000 
Danish      0.000000 1.000000 0.500000 0.000000 0.000000 0.111110 0.200000 
Riksmal     0.000000 1.000000 0.500000 0.000000 0.000000 0.111110 0.200000 
Icelandic   0.111110 1.000000 0.555555 0.111110 0.111110 0.000000 0.090910 
Faroese     0.200000 1.000000 0.600000 0.200000 0.200000 0.090910 0.000000 
7
SwedishUp   0.000000 0.100000 0.000000 0.000000 0.000000 0.272730 0.272730 
SwedishVL   0.100000 0.000000 0.100000 0.100000 0.100000 0.272730 0.272730 
Swedish     0.000000 0.100000 0.000000 0.000000 0.000000 0.272730 0.272730 
Danish      0.000000 0.100000 0.000000 0.000000 0.000000 0.272730 0.272730 
Riksmal     0.000000 0.100000 0.000000 0.000000 0.000000 0.272730 0.272730 
Icelandic   0.272730 0.272730 0.272730 0.272730 0.272730 0.000000 0.250000 
Faroese     0.272730 0.272730 0.272730 0.272730 0.272730 0.250000 0.000000 
5
SwedishUp   0.000000 0.000000 0.000000 0.000000 0.166670 
Swedish     0.000000 0.000000 0.000000 0.000000 0.166670 
Danish      0.000000 0.000000 0.000000 0.000000 0.166670 
Riksmal     0.000000 0.000000 0.000000 0.000000 0.166670 
Icelandic   0.166670 0.166670 0.166670 0.166670 0.000000 
6
SwedishUp   0.000000 0.090910 0.000000 0.166670 0.266670 0.300000 
SwedishVL   0.090910 0.000000 0.090910 0.181820 0.222220 0.222220 
Swedish     0.000000 0.090910 0.000000 0.166670 0.266670 0.300000 
Danish      0.166670 0.181820 0.166670 0.000000 0.400000 0.400000 
Icelandic   0.266670 0.222220 0.266670 0.400000 0.000000 0.000000 
Faroese     0.300000 0.222220 0.300000 0.400000 0.000000 0.000000 
7
SwedishUp   0.000000 0.090910 0.200000 0.300000 0.200000 0.090910 0.083330 
SwedishVL   0.090910 0.000000 0.111110 0.222220 0.111110 0.100000 0.181820 
Swedish     0.200000 0.111110 0.000000 0.125000 0.000000 0.111110 0.200000 
Danish      0.300000 0.222220 0.125000 0.000000 0.125000 0.222220 0.300000 
Riksmal     0.200000 0.111110 0.000000 0.125000 0.000000 0.111110 0.200000 
Icelandic   0.090910 0.100000 0.111110 0.222220 0.111110 0.000000 0.090910 
Faroese     0.083330 0.181820 0.200000 0.300000 0.200000 0.090910 0.000000 
7
SwedishUp   0.000000 0.000000 0.000000 1.000000 0.125000 0.222220 0.650000 
SwedishVL   0.000000 0.000000 0.000000 1.000000 0.000000 0.222220 0.650000 
Swedish     0.000000 0.000000 0.000000 1.000000 0.125000 0.222220 0.650000 
Danish      1.000000 1.000000 1.000000 0.000000 1.000000 1.000000 0.625000 
Riksmal     0.125000 0.000000 0.125000 1.000000 0.000000 0.222220 0.650000 
Icelandic   0.222220 0.222220 0.222220 1.000000 0.222220 0.000000 0.590910 
Faroese     0.650000 0.650000 0.650000 0.625000 0.650000 0.590910 0.000000 
3
SwedishVL   0.000000 0.333330 0.333330 
Swedish     0.333330 0.000000 0.000000 
Danish      0.333330 0.000000 0.000000 
7
SwedishUp   0.000000 0.000000 0.000000 0.200000 0.000000 0.000000 0.000000 
SwedishVL   0.000000 0.000000 0.000000 0.200000 0.000000 0.000000 0.000000 
Swedish     0.000000 0.000000 0.000000 0.200000 0.000000 0.000000 0.000000 
Danish      0.200000 0.200000 0.200000 0.000000 0.200000 0.200000 0.200000 
Riksmal     0.000000 0.000000 0.000000 0.200000 0.000000 0.000000 0.000000 
Icelandic   0.000000 0.000000 0.000000 0.200000 0.000000 0.000000 0.000000 
Faroese     0.000000 0.000000 0.000000 0.200000 0.000000 0.000000 0.000000 
7
SwedishUp   0.000000 0.000000 0.000000 0.142860 0.000000 0.142860 0.250000 
SwedishVL   0.000000 0.000000 0.000000 0.142860 0.000000 0.142860 0.250000 
Swedish     0.000000 0.000000 0.000000 0.142860 0.000000 0.142860 0.250000 
Danish      0.142860 0.142860 0.142860 0.000000 0.142860 0.125000 0.222220 
Riksmal     0.000000 0.000000 0.000000 0.142860 0.000000 0.142860 0.250000 
Icelandic   0.142860 0.142860 0.142860 0.125000 0.142860 0.000000 0.111110 
Faroese     0.250000 0.250000 0.250000 0.222220 0.250000 0.111110 0.000000 
